1 15 18 61 67 76 85 126 156 162 164 169 171 181 185 189 199 206 261 266 278 291 325 2298 2301 2355 2403 3404 3405 4405 4414 4415 4427 4429 4431 4433 4435 4437 4439 4441 4494 4497 4500 4503 4504 4519 4526 4568 4681 4781 4787 4800 4816 4854 4934 4938 4941 4947 5114 6466 6858 6868 6922 6963 7027 7037 7047 7058 7063 7076 7083 7093 7103 7113
2 16 55 61 67 75 85 112 156 162 168 169 171 181 185 189 199 253 261 266 278 292 1219 2298 2301 2355 2403 3404 3405 4405 4414 4415 4427 4429 4431 4433 4435 4437 4439 4441 4494 4497 4500 4502 4508 4519 4526 4549 4681 4781 4787 4800 4817 4849 4934 4938 4941 4947 5834 6260 6859 6868 6918 6944 7027 7037 7047 7058 7063 7074 7083 7093 7103 7113
1 15 18 61 67 74 85 125 156 162 164 169 171 181 185 189 198 211 261 266 278 292 350 1381 2300 2302 2402 3404 3405 4405 4413 4415 4427 4429 4431 4433 4435 4437 4439 4441 4494 4497 4500 4503 4504 4519 4526 4568 4681 4781 4787 4801 4816 4859 4934 4938 4941 4947 5404 6524 6858 6868 6922 6963 7027 7037 7047 7053 7063 7073 7083 7093 7103 7113
2 16 18 61 67 74 85 112 156 162 166 169 171 181 185 189 198 253 261 266 278 292 1294 2298 2300 2302 2402 3404 3405 4405 4414 4415 4427 4429 4431 4433 4435 4437 4439 4441 4493 4497 4500 4503 4508 4519 4526 4568 4681 4781 4787 4801 4816 4854 4934 4938 4941 4947 5515 6206 6859 6868 6922 6955 7027 7037 7047 7058 7063 7073 7083 7093 7103 7113
3 16 18 58 71 75 85 112 161 162 168 169 171 181 185 189 198 253 261 266 279 292 350 2298 2300 2302 2402 3404 3405 4405 4414 4415 4427 4429 4431 4433 4435 4437 4439 4441 4494 4497 4500 4503 4505 4519 4526 4568 4681 4781 4787 4800 4821 4864 4934 4938 4941 4947 5795 6326 6858 6868 6900 6943 7026 7036 7046 7058 7063 7073 7083 7093 7103 7113
3 16 18 58 71 75 86 112 161 163 168 170 171 181 185 189 198 253 261 266 279 288 350 2298 2300 2302 2402 3404 3405 4405 4414 4415 4427 4429 4431 4433 4435 4437 4439 4441 4494 4497 4500 4503 4505 4524 4527 4528 4628 4728 4786 4799 4808 4834 4937 4940 4941 4953 4954 5947 6857 6869 6870 6923 7023 7033 7043 7053 7063 7073 7083 7093 7103 7113
3 16 18 58 71 74 86 112 155 163 168 170 171 181 185 189 198 253 261 266 279 286 350 2298 2300 2302 2402 3404 3405 4405 4410 4415 4427 4429 4431 4433 4435 4437 4439 4441 4492 4495 4498 4501 4504 4518 4525 4528 4628 4728 4786 4799 4808 4834 4934 4938 4941 4946 4954 5947 6857 6867 6870 6923 7023 7033 7043 7053 7063 7073 7083 7093 7103 7113
1 15 18 63 67 78 85 124 156 162 164 169 171 181 185 189 198 246 261 266 278 290 321 1349 2301 2304 2404 3404 3405 4405 4412 4425 4427 4429 4431 4433 4435 4438 4439 4444 4494 4497 4500 4503 4504 4519 4526 4540 4681 4781 4787 4801 4816 4859 4934 4938 4941 4947 5645 6221 6858 6868 6910 6943 7026 7037 7046 7058 7065 7073 7086 7093 7103 7113
2 16 18 63 67 77 85 112 156 162 168 169 171 181 185 189 198 253 261 266 278 290 388 1321 2301 2304 2404 3404 3405 4405 4414 4415 4427 4429 4431 4433 4435 4437 4439 4441 4494 4497 4500 4503 4507 4524 4527 4528 4628 4728 4786 4799 4808 4834 4937 4940 4941 4948 5575 6832 6858 6868 6878 6943 7026 7036 7046 7058 7063 7073 7086 7093 7103 7113
1 15 18 60 67 74 85 126 156 162 164 169 171 181 185 189 198 206 261 266 278 291 349 1321 2301 2332 2403 3404 3405 4405 4414 4415 4427 4429 4431 4433 4435 4437 4439 4441 4494 4497 4500 4503 4504 4519 4526 4573 4681 4781 4787 4800 4815 4849 4934 4938 4941 4947 5014 6505 6858 6868 6922 6968 7027 7037 7047 7058 7063 7073 7083 7093 7103 7113
2 16 18 60 67 74 85 112 156 162 167 169 171 181 185 189 198 253 261 266 278 292 388 1447 2301 2332 2403 3404 3405 4405 4414 4415 4427 4429 4431 4433 4435 4437 4439 4441 4494 4497 4500 4503 4508 4519 4526 4544 4681 4781 4787 4800 4817 4854 4934 4938 4941 4947 5816 6102 6858 6868 6906 6939 7026 7036 7046 7058 7063 7073 7083 7093 7103 7113
3 16 18 58 71 74 87 126 155 163 168 170 171 181 185 189 198 230 261 266 279 285 494 2298 2301 2332 2403 3404 3405 4405 4410 4415 4427 4429 4431 4433 4435 4437 4439 4441 4492 4495 4498 4501 4504 4518 4525 4528 4628 4728 4786 4799 4808 4834 4934 4938 4941 4946 4954 5947 6857 6867 6870 6923 7023 7033 7043 7053 7063 7073 7083 7093 7103 7113
3 16 18 57 71 74 87 126 155 163 168 170 171 181 185 189 198 230 261 266 279 284 494 2298 2301 2332 2403 3404 3405 4405 4410 4415 4427 4429 4431 4433 4435 4437 4439 4441 4492 4495 4498 4501 4504 4518 4525 4528 4628 4728 4786 4799 4808 4834 4934 4938 4941 4946 4954 5947 6857 6867 6870 6923 7023 7033 7043 7053 7063 7073 7083 7093 7103 7113
3 16 18 57 71 74 87 126 155 163 168 170 171 181 185 189 198 230 261 266 280 282 494 2298 2299 2302 2402 3402 3405 4405 4410 4415 4427 4429 4431 4433 4435 4437 4439 4441 4492 4495 4498 4501 4504 4518 4525 4528 4628 4728 4786 4799 4808 4834 4934 4938 4941 4946 4954 5947 6857 6867 6870 6923 7023 7033 7043 7053 7063 7073 7083 7093 7103 7113
1 15 18 61 67 75 85 112 156 162 164 169 171 181 185 189 199 253 261 266 279 293 331 2298 2301 2355 2403 3404 3405 4405 4412 4422 4427 4429 4431 4434 4435 4437 4439 4445 4493 4497 4500 4503 4504 4519 4526 4563 4681 4781 4787 4800 4817 4849 4934 4938 4941 4947 5155 6311 6858 6868 6922 6958 7027 7037 7047 7058 7063 7073 7083 7093 7107 7113
2 16 18 61 67 75 85 112 156 162 168 169 171 181 185 189 199 253 261 266 278 289 321 2298 2301 2355 2403 3404 3405 4405 4414 4415 4427 4429 4431 4433 4435 4437 4439 4441 4494 4497 4500 4503 4507 4519 4526 4568 4681 4781 4787 4800 4815 4849 4934 4938 4941 4947 5626 6190 6858 6868 6922 6963 7027 7037 7047 7058 7063 7073 7083 7093 7103 7113
3 15 18 59 71 76 85 112 161 162 164 169 171 181 185 189 199 253 261 266 278 291 331 2298 2301 2355 2403 3404 3405 4405 4414 4415 4427 4429 4431 4433 4435 4437 4439 4441 4494 4497 4500 4503 4504 4519 4526 4576 4681 4781 4787 4801 4815 4849 4934 4938 4941 4947 5266 6730 6858 6868 6922 6971 7027 7037 7047 7058 7063 7073 7083 7093 7103 7113
1 16 18 61 67 75 85 126 156 162 168 169 171 181 185 189 199 206 261 266 278 291 349 2298 2300 2302 2402 3404 3405 4405 4414 4415 4427 4429 4431 4433 4435 4437 4439 4441 4494 4497 4500 4503 4508 4519 4526 4568 4681 4781 4787 4800 4816 4849 4934 4938 4941 4947 5875 6283 6860 6868 6922 6963 7027 7037 7047 7058 7063 7074 7083 7093 7103 7113
2 15 18 63 67 76 85 112 156 162 164 169 171 181 185 189 199 253 261 266 279 295 321 1388 2300 2302 2402 3404 3405 4405 4412 4423 4427 4429 4431 4433 4436 4437 4439 4444 4494 4497 4500 4503 4504 4519 4526 4568 4681 4781 4796 4799 4815 4839 4934 4938 4941 4947 5885 5983 6861 6868 6922 6963 7027 7037 7047 7058 7063 7075 7083 7093 7103 7113
1 16 18 60 69 74 85 112 159 162 168 169 171 181 185 189 198 253 261 266 278 291 441 1348 2300 2302 2402 3404 3405 4405 4414 4415 4427 4429 4431 4433 4435 4437 4439 4441 4494 4497 4500 4503 4505 4519 4526 4568 4681 4781 4787 4800 4815 4849 4934 4938 4941 4947 5555 6190 6858 6868 6922 6963 7027 7037 7047 7058 7063 7073 7083 7093 7103 7113
1 16 18 62 67 75 85 112 156 162 166 169 171 181 185 189 198 253 261 266 278 291 331 1349 2300 2302 2402 3404 3405 4405 4414 4415 4427 4429 4431 4433 4435 4437 4439 4441 4494 4497 4500 4503 4506 4519 4526 4572 4681 4781 4787 4800 4816 4854 4934 4938 4941 4947 5125 6575 6858 6868 6922 6963 7027 7037 7047 7058 7063 7076 7083 7093 7103 7113
2 15 18 62 67 75 85 112 156 162 164 169 171 181 185 189 198 253 261 266 278 286 386 1319 2300 2302 2402 3404 3405 4405 4414 4415 4427 4429 4431 4433 4435 4437 4439 4441 4494 4497 4500 4503 4504 4519 4526 4548 4669 4769 4787 4800 4821 4840 4934 4938 4941 4947 5364 6751 6858 6868 6910 6953 7027 7037 7047 7058 7063 7073 7083 7093 7103 7113
3 15 18 58 71 74 88 112 161 163 164 170 171 181 185 189 198 253 261 266 279 287 331 1386 2300 2302 2402 3404 3405 4405 4414 4415 4427 4429 4431 4433 4435 4437 4439 4441 4494 4497 4500 4503 4504 4521 4527 4528 4628 4728 4786 4799 4808 4834 4937 4939 4945 4948 5515 6830 6858 6868 6876 6947 7025 7035 7045 7057 7063 7073 7083 7093 7103 7113
1 15 18 60 67 75 85 124 156 162 164 169 171 181 185 189 198 238 261 266 278 291 331 1388 2301 2355 2403 3404 3405 4405 4414 4415 4427 4429 4431 4433 4435 4437 4439 4441 4494 4497 4500 4503 4504 4519 4526 4608 4681 4781 4787 4801 4809 4844 4934 4938 4941 4947 5564 6634 6858 6868 6922 7003 7027 7037 7047 7057 7063 7075 7083 7093 7103 7113
2 16 18 60 67 75 85 124 156 162 166 169 171 181 185 189 198 218 261 266 278 289 320 2298 2301 2355 2403 3404 3405 4405 4414 4415 4427 4429 4431 4433 4435 4437 4439 4441 4494 4497 4500 4503 4508 4524 4527 4528 4628 4728 4786 4799 4808 4834 4937 4940 4941 4951 4954 5947 6857 6869 6870 6923 7023 7033 7043 7053 7063 7073 7083 7093 7103 7113
3 15 18 58 71 74 90 112 161 163 164 170 171 181 185 189 198 253 261 266 278 287 331 1388 2301 2355 2403 3404 3405 4405 4414 4415 4427 4429 4431 4433 4435 4437 4439 4441 4494 4497 4500 4503 4504 4519 4526 4568 4681 4781 4787 4801 4809 4844 4934 4938 4941 4947 5564 6821 6858 6869 6870 6923 7023 7033 7043 7053 7063 7073 7083 7093 7103 7113
3 16 18 57 71 76 90 112 155 163 168 170 171 181 185 189 198 253 261 266 279 285 331 1388 2301 2355 2403 3404 3405 4405 4410 4415 4427 4429 4431 4433 4435 4437 4439 4441 4492 4495 4498 4501 4504 4518 4525 4528 4628 4728 4786 4799 4808 4834 4934 4938 4941 4946 4954 5947 6857 6867 6870 6923 7023 7033 7043 7053 7063 7073 7083 7093 7103 7113
1 15 18 60 67 76 85 112 156 162 164 169 171 181 185 189 198 253 261 266 278 291 320 1321 2301 2355 2403 3404 3405 4405 4414 4415 4427 4429 4431 4433 4435 4437 4439 4441 4494 4497 4500 4503 4504 4519 4526 4568 4681 4781 4787 4801 4812 4864 4934 4938 4941 4947 5014 6532 6858 6868 6908 6963 7027 7037 7047 7058 7063 7073 7083 7093 7103 7116
2 16 18 60 67 74 85 126 156 162 166 169 171 181 185 189 198 204 261 266 278 291 321 1349 2301 2355 2403 3404 3405 4405 4414 4415 4427 4429 4431 4433 4435 4437 4439 4441 4494 4497 4500 4503 4508 4524 4527 4528 4628 4728 4786 4799 4808 4834 4934 4940 4941 4952 4954 5947 6857 6869 6870 6923 7023 7033 7043 7053 7063 7073 7083 7093 7103 7113
3 16 18 58 71 76 90 112 161 163 168 170 171 181 185 189 198 253 261 266 279 287 320 1321 2301 2355 2403 3404 3405 4405 4410 4415 4427 4429 4431 4433 4435 4437 4439 4441 4492 4495 4500 4503 4505 4518 4525 4528 4628 4728 4786 4799 4808 4834 4934 4938 4941 4946 4954 5947 6857 6867 6870 6923 7023 7033 7043 7053 7063 7073 7083 7093 7103 7113
3 15 18 57 71 74 90 112 155 163 164 170 171 181 185 189 198 253 261 266 279 284 320 1321 2301 2355 2403 3404 3405 4405 4410 4415 4427 4429 4431 4433 4435 4437 4439 4441 4492 4495 4498 4501 4504 4518 4525 4528 4628 4728 4786 4799 4808 4834 4934 4938 4941 4946 4954 5947 6857 6867 6870 6923 7023 7033 7043 7053 7063 7073 7083 7093 7103 7113
1 16 18 63 69 76 85 112 159 162 168 169 171 181 185 189 198 253 261 266 278 286 331 1390 2301 2355 2404 3404 3405 4405 4414 4415 4427 4429 4431 4433 4435 4437 4439 4441 4494 4497 4500 4503 4505 4524 4527 4528 4628 4728 4786 4799 4808 4834 4937 4940 4941 4952 4954 5947 6857 6869 6870 6923 7023 7037 7043 7058 7063 7077 7086 7093 7103 7113
1 16 18 62 69 76 85 112 159 162 168 169 171 181 185 189 199 253 261 266 278 292 381 1396 2301 2355 2403 3404 3405 4405 4414 4415 4427 4429 4431 4433 4435 4437 4439 4441 4494 4497 4500 4503 4507 4519 4526 4568 4681 4781 4787 4800 4816 4849 4934 4938 4941 4947 5804 5961 6861 6868 6922 6963 7027 7037 7047 7058 7063 7074 7083 7093 7103 7113
1 16 18 64 68 76 85 112 158 162 168 169 171 181 185 189 198 253 261 266 278 291 321 1387 2301 2355 2403 3404 3405 4405 4414 4415 4427 4429 4431 4433 4435 4437 4439 4441 4494 4497 4500 4503 4506 4524 4527 4528 4628 4728 4786 4799 4808 4834 4937 4940 4941 4951 4954 5947 6857 6869 6870 6923 7023 7037 7043 7058 7063 7077 7086 7093 7106 7113
1 16 18 65 68 76 85 126 158 162 168 169 171 181 185 189 198 216 261 266 278 291 1298 2298 2301 2355 2403 3404 3405 4405 4414 4415 4427 4429 4431 4433 4435 4437 4439 4441 4493 4497 4500 4503 4508 4524 4527 4528 4628 4728 4786 4799 4808 4834 4937 4940 4941 4952 4954 5947 6857 6869 6870 6923 7023 7037 7043 7058 7063 7077 7086 7093 7103 7113
11 15 18 64 67 77 85 112 157 162 164 169 171 181 185 189 198 253 261 266 278 286 1298 2298 2301 2355 2403 3404 3405 4405 4412 4425 4427 4429 4431 4433 4435 4438 4439 4446 4494 4497 4500 4502 4504 4524 4525 4528 4628 4728 4786 4799 4808 4834 4934 4938 4941 4952 4954 5947 6857 6869 6870 6923 7023 7036 7043 7058 7063 7073 7086 7093 7103 7113
12 16 18 63 67 76 85 126 157 162 168 169 171 181 185 189 198 206 261 266 278 291 1298 2298 2301 2355 2403 3404 3405 4405 4414 4415 4427 4429 4431 4433 4435 4437 4439 4441 4493 4497 4499 4502 4509 4524 4525 4528 4628 4728 4786 4799 4808 4834 4934 4938 4941 4952 4954 5947 6857 6869 6870 6923 7023 7036 7043 7058 7063 7073 7086 7093 7103 7115
1 16 18 60 71 75 85 126 161 162 168 169 171 181 185 189 198 241 261 266 278 295 310 2298 2301 2355 2419 3404 3405 4405 4414 4415 4427 4429 4431 4433 4435 4437 4439 4441 4493 4497 4500 4503 4505 4519 4526 4568 4681 4781 4787 4800 4818 4844 4934 4938 4941 4947 5545 6320 6858 6868 6905 6963 7026 7036 7046 7058 7063 7075 7083 7093 7103 7113
1 15 18 65 67 76 85 124 156 162 164 169 171 181 185 189 199 255 261 266 278 290 1239 2298 2300 2302 2402 3404 3405 4405 4412 4426 4427 4429 4431 4433 4435 4437 4440 4445 4494 4497 4500 4503 4504 4524 4527 4528 4628 4728 4786 4799 4808 4834 4937 4940 4941 4952 4954 5947 6857 6869 6870 6923 7023 7037 7043 7058 7063 7077 7086 7093 7106 7113
2 16 18 64 67 76 85 126 156 162 168 169 171 181 185 189 199 208 261 266 278 295 1239 2298 2300 2302 2402 3404 3405 4405 4414 4415 4427 4429 4431 4433 4435 4437 4439 4441 4494 4497 4500 4503 4509 4524 4527 4528 4628 4728 4786 4799 4808 4834 4937 4940 4941 4952 4954 5947 6857 6869 6870 6923 7023 7037 7043 7058 7063 7077 7086 7093 7106 7113
1 15 18 64 67 76 85 125 156 162 164 169 171 181 185 189 198 240 261 266 278 291 441 2298 2300 2302 2402 3404 3405 4405 4414 4415 4427 4429 4431 4433 4435 4437 4439 4441 4494 4497 4500 4503 4504 4524 4527 4528 4628 4728 4786 4799 4808 4834 4937 4940 4941 4952 4954 5947 6857 6869 6870 6923 7023 7037 7043 7058 7063 7077 7086 7093 7103 7113
2 16 18 64 67 75 85 112 156 162 168 169 171 181 185 189 198 253 261 266 278 292 349 2298 2300 2302 2402 3404 3405 4405 4414 4415 4427 4429 4431 4433 4435 4437 4439 4441 4494 4497 4500 4503 4506 4524 4527 4528 4628 4728 4786 4799 4808 4834 4937 4940 4941 4952 4954 5947 6857 6869 6870 6923 7023 7036 7043 7058 7063 7074 7086 7093 7103 7113
1 15 18 61 69 76 85 112 159 162 164 169 171 181 185 189 198 253 261 266 278 292 388 2298 2301 2355 2403 3404 3405 4405 4412 4419 4427 4429 4432 4433 4435 4437 4439 4444 4494 4497 4500 4503 4504 4519 4526 4568 4681 4781 4787 4800 4814 4924 4934 4938 4941 4947 4974 6433 6858 6868 6912 6963 7027 7037 7047 7058 7063 7073 7083 7093 7103 7113
3 15 18 58 71 76 85 112 161 162 164 169 171 181 185 189 198 253 261 266 279 290 388 2298 2301 2355 2404 3404 3405 4405 4414 4415 4427 4429 4431 4433 4435 4437 4439 4441 4494 4497 4500 4503 4504 4524 4527 4528 4628 4728 4786 4799 4808 4834 4937 4940 4941 4947 5195 6724 6858 6868 6878 6963 7026 7036 7046 7058 7063 7073 7083 7093 7103 7113
1 15 18 61 67 74 85 112 156 162 164 169 171 181 185 189 198 253 261 266 278 291 388 1331 2300 2302 2402 3404 3405 4405 4413 4415 4427 4429 4431 4433 4435 4437 4439 4441 4494 4497 4500 4503 4504 4519 4526 4572 4681 4781 4787 4800 4813 4869 4934 4938 4941 4947 5314 6706 6858 6868 6872 6963 7023 7036 7043 7058 7063 7073 7083 7093 7103 7116
2 16 18 61 67 74 85 112 156 162 166 169 171 181 185 189 198 253 261 266 278 291 1298 2298 2300 2302 2402 3404 3405 4405 4414 4415 4427 4429 4431 4433 4435 4437 4439 4441 4494 4497 4500 4503 4508 4519 4525 4568 4681 4781 4787 4800 4815 4844 4934 4938 4941 4947 5726 6405 6858 6868 6922 6963 7027 7037 7047 7058 7063 7073 7083 7093 7103 7113
3 16 18 58 71 75 85 112 161 162 168 169 171 181 185 189 198 253 261 266 278 291 331 1388 2300 2302 2402 3404 3405 4405 4414 4415 4427 4429 4431 4433 4435 4437 4439 4441 4494 4497 4500 4503 4505 4521 4527 4528 4628 4728 4786 4799 4808 4834 4937 4939 4945 4948 5595 6383 6858 6868 6908 6947 7025 7035 7045 7057 7063 7073 7083 7093 7103 7113
3 16 18 58 71 75 86 112 161 163 168 170 171 181 185 189 198 253 261 266 279 289 331 1388 2300 2302 2402 3403 4030 4408 4414 4415 4427 4429 4431 4433 4435 4437 4439 4441 4494 4497 4500 4503 4505 4524 4527 4528 4628 4728 4786 4799 4808 4834 4937 4940 4941 4948 5755 6222 6858 6868 6882 6948 7026 7036 7046 7058 7063 7073 7083 7093 7103 7113
3 15 18 58 71 74 86 112 161 163 164 170 171 181 185 189 198 253 261 266 279 286 331 1388 2300 2302 2402 3404 3405 4405 4410 4415 4427 4429 4431 4433 4435 4437 4439 4441 4492 4495 4500 4503 4504 4518 4526 4528 4628 4728 4786 4799 4808 4834 4934 4938 4941 4946 4954 5947 6857 6867 6870 6923 7023 7033 7043 7053 7063 7073 7083 7093 7103 7113
1 15 18 64 67 79 85 153 156 162 164 169 171 181 185 189 199 258 264 276 278 290 321 2298 2300 2302 2402 3404 3405 4405 4414 4415 4427 4429 4431 4433 4435 4437 4439 4441 4494 4497 4500 4503 4504 4519 4526 4578 4681 4781 4787 4800 4817 4844 4934 4938 4941 4947 5254 5969 6858 6868 6922 6973 7027 7037 7047 7058 7063 7076 7086 7093 7103 7113
2 16 18 64 67 76 85 112 156 162 168 169 171 181 185 189 199 253 261 266 278 291 331 2298 2301 2355 2403 3404 3405 4405 4414 4415 4427 4429 4431 4433 4435 4437 4439 4441 4494 4497 4500 4503 4508 4519 4526 4578 4681 4781 4787 4800 4817 4844 4934 4938 4941 4947 5254 6284 6858 6868 6922 6973 7027 7037 7047 7058 7063 7073 7083 7093 7103 7113
1 15 18 60 67 74 85 112 156 162 164 169 171 181 185 189 198 253 261 266 278 288 381 1320 2301 2355 2419 3404 3405 4405 4414 4415 4427 4429 4431 4433 4435 4437 4439 4441 4494 4497 4500 4503 4504 4519 4527 4593 4681 4781 4787 4800 4816 4849 4934 4938 4941 4947 5574 6832 6858 6868 6920 6968 7027 7037 7047 7058 7063 7073 7083 7093 7103 7113
2 16 18 60 67 75 85 126 156 162 166 169 171 181 185 189 198 241 261 266 278 286 331 1321 2301 2355 2403 3404 3405 4405 4414 4415 4427 4429 4431 4433 4435 4437 4439 4441 4494 4497 4500 4503 4508 4524 4527 4528 4628 4728 4786 4799 4808 4834 4937 4940 4941 4952 4954 5947 6857 6869 6870 6923 7023 7036 7043 7058 7063 7073 7083 7096 7103 7114
3 16 18 58 71 74 90 112 155 163 168 170 171 181 185 189 198 253 261 266 279 286 331 1381 2301 2355 2403 3404 3405 4405 4410 4415 4427 4429 4431 4433 4435 4437 4439 4441 4492 4495 4498 4501 4504 4518 4525 4528 4628 4728 4786 4799 4808 4834 4934 4938 4941 4946 4954 5947 6857 6867 6870 6923 7023 7033 7043 7053 7063 7073 7083 7093 7103 7113
3 15 18 58 71 74 90 112 155 163 164 170 171 181 185 189 198 253 261 266 279 285 331 1381 2301 2355 2403 3404 3405 4405 4410 4415 4427 4429 4431 4433 4435 4437 4439 4441 4492 4495 4498 4501 4504 4518 4525 4528 4628 4728 4786 4799 4808 4834 4934 4938 4941 4946 4954 5947 6857 6867 6870 6923 7023 7033 7043 7053 7063 7073 7083 7093 7103 7113
3 15 18 57 71 74 90 112 155 163 164 170 171 181 185 189 198 253 261 266 279 285 331 1381 2301 2355 2403 3404 3405 4405 4410 4415 4427 4429 4431 4433 4435 4437 4439 4441 4492 4495 4498 4501 4504 4518 4525 4528 4628 4728 4786 4799 4808 4834 4934 4938 4941 4946 4954 5947 6857 6867 6870 6923 7023 7033 7043 7053 7063 7073 7083 7093 7103 7113
8 15 18 57 71 74 85 112 155 162 164 170 180 181 185 189 198 253 261 266 279 283 331 1320 2301 2355 2403 3404 3405 4405 4410 4415 4427 4429 4431 4433 4435 4437 4439 4441 4492 4495 4498 4501 4504 4518 4525 4528 4628 4728 4786 4799 4808 4834 4934 4938 4941 4946 4954 5947 6857 6867 6870 6923 7023 7033 7043 7053 7063 7073 7083 7093 7103 7113
1 16 18 62 71 76 85 112 161 162 168 169 171 181 185 189 198 253 261 266 278 292 331 2298 2300 2302 2402 3404 3405 4405 4412 4423 4427 4429 4431 4433 4436 4437 4439 4444 4494 4497 4500 4503 4505 4519 4526 4568 4681 4781 4787 4800 4817 4862 4934 4938 4941 4947 5855 6370 6860 6868 6922 6963 7027 7037 7047 7058 7063 7073 7083 7093 7103 7113
1 15 18 61 67 75 85 112 156 162 164 169 171 181 185 189 199 253 261 266 278 292 302 1331 2300 2302 2402 3404 3405 4405 4412 4422 4427 4429 4431 4434 4435 4437 4439 4445 4494 4497 4500 4503 4504 4519 4526 4568 4681 4781 4787 4800 4816 4854 4934 4938 4941 4947 5114 6494 6858 6868 6922 6963 7027 7037 7047 7058 7063 7076 7083 7093 7103 7113
2 16 18 61 67 75 85 125 156 162 168 169 171 181 185 189 199 248 261 266 278 292 331 1396 2300 2302 2402 3404 3405 4405 4414 4415 4427 4429 4431 4433 4435 4437 4439 4441 4494 4497 4500 4502 4506 4519 4526 4568 4681 4781 4787 4800 4816 4859 4934 4938 4941 4947 5555 6223 6858 6868 6920 6963 7026 7036 7046 7058 7063 7076 7083 7093 7103 7113
1 16 18 64 68 74 85 112 158 162 168 169 171 181 185 189 198 253 261 266 278 290 1298 2298 2300 2302 2402 3404 3405 4405 4414 4415 4427 4429 4431 4433 4435 4437 4439 4441 4493 4496 4500 4502 4508 4524 4527 4528 4628 4728 4786 4799 4808 4834 4937 4940 4941 4953 4954 5947 6857 6869 6870 6923 7023 7037 7043 7058 7063 7076 7086 7093 7103 7113
1 15 18 61 67 75 85 126 156 162 164 169 171 181 185 189 199 249 261 266 278 291 331 1321 2301 2355 2403 3404 3405 4405 4414 4415 4427 4429 4431 4433 4435 4437 4439 4441 4494 4497 4500 4503 4504 4519 4526 4568 4681 4781 4787 4800 4816 4854 4934 4938 4941 4947 5014 6816 6858 6868 6920 6963 7027 7037 7047 7058 7063 7075 7083 7093 7103 7113
2 16 18 61 67 75 85 112 156 162 168 169 171 181 185 189 199 253 261 266 278 291 1228 2219 2301 2355 2403 3404 3405 4405 4414 4415 4427 4429 4431 4433 4435 4437 4439 4441 4494 4497 4500 4503 4507 4519 4526 4560 4681 4781 4787 4800 4817 4849 4934 4938 4941 4947 5645 6326 6858 6868 6920 6963 7027 7037 7047 7057 7063 7075 7083 7093 7103 7113
3 15 18 59 71 75 85 126 161 162 164 169 171 181 185 189 199 249 261 266 278 291 331 2298 2301 2355 2403 3404 3405 4405 4414 4415 4427 4429 4431 4433 4435 4437 4439 4441 4494 4497 4500 4503 4504 4519 4526 4568 4681 4781 4787 4800 4816 4849 4934 4938 4941 4947 5705 6706 6858 6868 6920 6963 7027 7037 7047 7058 7063 7073 7083 7093 7103 7113
1 15 18 59 67 77 85 112 156 162 164 169 171 181 185 189 198 253 261 266 278 291 320 2298 2300 2302 2402 3404 3405 4405 4414 4415 4427 4429 4431 4433 4435 4437 4439 4441 4494 4497 4500 4503 4504 4520 4527 4528 4628 4728 4786 4799 4808 4834 4936 4938 4941 4947 5796 6433 6860 6868 6922 6963 7027 7037 7047 7053 7063 7073 7083 7093 7103 7113
2 16 18 59 67 76 85 112 156 162 165 169 171 181 185 189 198 253 261 266 278 287 331 2298 2300 2302 2402 3404 3405 4405 4414 4415 4427 4429 4431 4433 4435 4437 4439 4441 4494 4497 4500 4503 4507 4524 4527 4528 4628 4728 4786 4799 4808 4834 4937 4940 4941 4947 5817 6413 6863 6868 6882 6933 7025 7036 7043 7058 7063 7073 7083 7096 7103 7116
4 16 18 57 71 77 91 112 155 163 168 170 171 181 185 189 198 253 261 266 279 282 350 2298 2299 2302 2402 3402 3405 4405 4410 4415 4427 4429 4431 4433 4435 4437 4439 4441 4492 4495 4498 4501 4504 4518 4525 4528 4628 4728 4786 4799 4808 4834 4934 4938 4941 4946 4954 5947 6857 6867 6870 6923 7023 7033 7043 7053 7063 7073 7083 7093 7103 7113
1 15 18 62 67 74 85 126 156 162 164 169 171 181 185 189 198 241 261 266 278 288 1234 2298 2301 2355 2403 3404 3405 4405 4412 4423 4427 4429 4431 4433 4436 4437 4439 4445 4494 4497 4500 4503 4504 4519 4526 4574 4681 4781 4787 4800 4815 4859 4934 4938 4941 4947 5014 6751 6858 6868 6913 6963 7027 7037 7047 7058 7063 7073 7083 7093 7103 7113
2 16 18 62 67 74 85 112 156 162 168 169 171 181 185 189 198 253 261 266 278 291 349 1321 2301 2355 2403 3404 3405 4405 4414 4415 4427 4429 4431 4433 4435 4437 4439 4441 4494 4497 4500 4503 4509 4524 4527 4528 4628 4728 4786 4799 4808 4834 4937 4940 4941 4950 5076 6635 6858 6869 6870 6923 7023 7033 7043 7053 7063 7073 7083 7093 7103 7113
3 15 18 59 71 74 85 112 161 162 164 169 171 181 185 189 198 253 261 266 278 291 386 1307 2301 2355 2403 3404 3405 4405 4414 4415 4427 4429 4431 4433 4435 4437 4439 4441 4494 4497 4500 4503 4504 4519 4526 4568 4681 4781 4787 4802 4814 4933 4934 4938 4941 4947 5184 6443 6858 6868 6906 6963 7027 7037 7047 7058 7063 7073 7083 7093 7103 7113
1 15 18 62 67 76 85 126 156 162 164 169 171 181 185 189 199 206 261 266 278 295 310 2298 2300 2302 2402 3404 3405 4405 4414 4415 4427 4429 4431 4433 4435 4437 4439 4441 4494 4497 4500 4503 4504 4519 4526 4600 4681 4781 4787 4800 4816 4849 4934 4938 4941 4947 5804 5970 6861 6868 6922 6973 7027 7037 7047 7058 7063 7076 7083 7093 7103 7113
2 16 18 62 67 76 85 112 156 162 168 169 171 181 185 189 199 253 261 266 278 295 321 2298 2300 2302 2402 3404 3405 4405 4414 4415 4427 4429 4431 4433 4435 4437 4439 4441 4494 4497 4500 4503 4507 4519 4526 4564 4681 4781 4787 4800 4817 4919 4934 4938 4941 4947 5796 6103 6860 6868 6910 6943 7026 7036 7046 7058 7063 7075 7083 7093 7103 7113
1 15 27 61 67 75 85 154 156 162 164 169 171 181 185 189 198 258 265 269 278 291 914 2298 2301 2355 2403 3403 4068 4407 4414 4415 4427 4429 4431 4433 4435 4437 4439 4441 4494 4497 4500 4503 4504 4519 4526 4568 4681 4781 4787 4801 4832 4859 4934 4938 4941 4947 5185 6584 6858 6868 6878 6963 7026 7036 7046 7058 7063 7073 7083 7093 7103 7113
2 16 27 60 67 74 85 154 156 162 166 169 171 181 185 189 198 258 265 269 278 291 914 2298 2301 2355 2403 3403 4068 4407 4414 4415 4427 4429 4431 4433 4435 4437 4439 4441 4494 4497 4500 4503 4508 4519 4526 4568 4681 4781 4787 4801 4815 4859 4934 4938 4941 4947 5786 6695 6858 6868 6922 6963 7026 7036 7046 7058 7063 7073 7083 7093 7103 7113
3 16 27 58 71 74 85 154 161 162 168 169 171 181 185 189 198 258 265 269 279 289 914 2298 2301 2355 2403 3403 4068 4407 4414 4415 4427 4429 4431 4433 4435 4437 4439 4441 4494 4497 4500 4503 4505 4519 4526 4531 4681 4781 4787 4800 4827 4854 4934 4938 4941 4947 5666 6223 6858 6868 6880 6943 7026 7036 7046 7058 7063 7073 7083 7093 7103 7113
3 16 27 58 71 74 86 154 155 163 168 170 171 181 185 189 198 258 265 269 279 286 914 2298 2301 2355 2403 3403 4068 4407 4410 4415 4427 4429 4431 4433 4435 4437 4439 4441 4492 4495 4498 4501 4504 4518 4525 4528 4628 4728 4786 4799 4808 4834 4934 4938 4941 4946 4954 5947 6857 6867 6870 6923 7023 7033 7043 7053 7063 7073 7083 7093 7103 7113
3 15 27 58 71 74 86 154 155 163 164 170 171 181 185 189 198 258 265 269 279 286 914 2298 2301 2355 2403 3403 4068 4407 4410 4415 4427 4429 4431 4433 4435 4437 4439 4441 4492 4495 4498 4501 4504 4518 4525 4528 4628 4728 4786 4799 4808 4834 4934 4938 4941 4946 4954 5947 6857 6867 6870 6923 7023 7033 7043 7053 7063 7073 7083 7093 7103 7113
1 15 18 60 67 76 85 126 156 162 164 169 171 181 185 189 198 241 261 266 278 297 381 2298 2301 2355 2418 3404 3405 4405 4412 4416 4428 4429 4431 4433 4435 4437 4439 4446 4494 4497 4500 4503 4504 4519 4526 4575 4681 4781 4787 4800 4817 4844 4934 4938 4941 4947 5776 6634 6863 6868 6922 6968 7027 7037 7046 7058 7063 7076 7083 7093 7103 7113
2 16 18 60 67 76 85 126 156 162 165 169 171 181 185 189 198 241 261 266 278 291 331 1381 2301 2355 2418 3404 3405 4405 4414 4415 4427 4429 4431 4433 4435 4437 4439 4441 4494 4497 4500 4503 4506 4524 4527 4528 4628 4728 4786 4799 4808 4834 4937 4940 4941 4950 5596 6155 6858 6869 6870 6923 7023 7033 7043 7053 7063 7073 7083 7093 7103 7113
3 16 18 57 71 76 90 112 155 163 168 170 171 181 185 189 198 253 261 266 279 282 331 1381 2299 2302 2402 3402 3405 4405 4410 4415 4427 4429 4431 4433 4435 4437 4439 4441 4492 4495 4498 4501 4504 4518 4525 4528 4628 4728 4786 4799 4808 4834 4934 4938 4941 4946 4954 5947 6857 6867 6870 6923 7023 7033 7043 7053 7063 7073 7083 7093 7103 7113
1 15 18 63 67 76 85 112 156 162 164 169 171 181 185 189 198 253 261 266 278 292 321 1390 2300 2302 2402 3404 3405 4405 4412 4425 4427 4429 4431 4433 4435 4438 4439 4442 4494 4497 4500 4503 4504 4524 4527 4528 4628 4728 4786 4799 4808 4834 4937 4940 4941 4951 4954 5947 6857 6869 6870 6923 7023 7037 7043 7058 7063 7076 7083 7093 7107 7113
2 16 18 62 67 77 85 126 156 162 168 169 171 181 185 189 198 241 261 266 278 291 331 1349 2300 2302 2402 3404 3405 4405 4412 4423 4427 4429 4431 4433 4436 4437 4439 4443 4494 4497 4500 4503 4508 4524 4527 4528 4628 4728 4786 4799 4808 4834 4937 4940 4941 4951 4954 5947 6857 6869 6870 6923 7023 7033 7043 7053 7063 7073 7083 7093 7103 7113
1 16 18 63 67 77 85 126 156 162 168 169 171 181 185 189 199 206 261 266 278 295 310 2298 2300 2302 2402 3404 3405 4405 4414 4415 4427 4429 4431 4433 4435 4437 4439 4441 4494 4497 4500 4503 4508 4519 4526 4537 4681 4781 4787 4800 4817 4849 4934 4938 4941 4947 5796 6104 6860 6868 6908 6931 7026 7037 7046 7058 7063 7076 7083 7093 7103 7116
2 15 18 62 67 76 85 153 156 162 164 169 171 181 185 189 199 258 264 273 278 293 321 2298 2301 2355 2403 3404 3405 4405 4414 4415 4427 4429 4431 4433 4435 4437 4439 4441 4494 4497 4500 4503 4504 4524 4527 4528 4628 4728 4786 4799 4808 4834 4937 4940 4941 4948 5226 6450 6858 6868 6922 6963 7027 7037 7047 7058 7063 7076 7083 7093 7103 7113
1 15 18 61 71 77 85 124 161 162 164 169 171 181 185 189 199 239 261 266 278 291 321 2298 2300 2302 2402 3404 3405 4405 4412 4419 4427 4429 4432 4433 4435 4437 4439 4451 4493 4497 4500 4503 4504 4519 4526 4575 4681 4781 4787 4800 4814 4844 4934 4938 4941 4947 5366 6302 6862 6868 6922 6963 7027 7037 7047 7058 7063 7073 7083 7093 7103 7113
1 15 18 61 67 76 85 125 156 162 164 169 171 181 185 189 198 248 261 266 278 292 386 2298 2300 2302 2402 3404 3405 4405 4414 4415 4427 4429 4431 4433 4435 4437 4439 4441 4494 4497 4500 4503 4504 4519 4526 4578 4681 4781 4787 4800 4818 4854 4934 4938 4941 4947 5834 6123 6859 6868 6922 6978 7027 7037 7047 7058 7063 7073 7083 7093 7103 7113
2 16 18 61 67 76 85 125 156 162 166 169 171 181 185 189 198 240 261 266 278 291 321 2298 2300 2302 2402 3404 3405 4405 4414 4415 4427 4429 4431 4433 4435 4437 4439 4441 4494 4497 4500 4503 4507 4521 4527 4528 4628 4728 4786 4799 4808 4834 4937 4939 4945 4952 5946 6856 6866 6869 6870 6923 7023 7033 7043 7053 7063 7073 7083 7093 7103 7113
3 15 18 58 71 75 87 142 161 163 164 170 171 181 185 189 198 258 263 271 279 287 386 1321 2300 2302 2402 3404 3405 4405 4414 4415 4427 4429 4431 4433 4435 4437 4439 4441 4494 4497 4500 4503 4504 4521 4527 4528 4628 4728 4786 4799 4808 4834 4937 4939 4945 4953 4954 5947 6857 6869 6870 6923 7023 7033 7043 7053 7063 7073 7083 7093 7103 7113
3 16 18 58 71 76 87 142 155 163 168 170 171 181 185 189 198 258 263 271 279 286 386 1321 2300 2302 2402 3404 3405 4405 4410 4415 4427 4429 4431 4433 4435 4437 4439 4441 4492 4495 4498 4501 4504 4518 4527 4528 4628 4728 4786 4799 4808 4834 4934 4938 4941 4946 4954 5947 6857 6867 6870 6923 7023 7033 7043 7053 7063 7073 7083 7093 7103 7113
1 15 18 63 67 77 85 112 156 162 164 169 171 181 185 189 198 253 261 266 278 291 350 2298 2300 2302 2402 3404 3405 4405 4414 4415 4427 4429 4431 4433 4435 4437 4439 4441 4494 4497 4500 4503 4504 4524 4527 4528 4628 4728 4786 4799 4808 4834 4937 4940 4941 4948 5314 6584 6858 6868 6890 6963 7026 7037 7046 7057 7063 7076 7086 7093 7103 7113
2 16 18 63 67 75 85 142 156 162 168 169 171 181 185 189 198 258 263 276 278 291 331 1349 2300 2302 2402 3404 3405 4405 4414 4415 4427 4429 4431 4433 4435 4437 4439 4441 4493 4496 4500 4503 4505 4524 4527 4528 4628 4728 4786 4799 4808 4834 4937 4940 4941 4951 4954 5947 6857 6869 6870 6923 7023 7036 7043 7058 7063 7073 7086 7093 7103 7113
1 15 18 60 67 76 85 123 156 162 164 169 171 181 185 189 199 236 261 266 278 295 447 1302 2301 2355 2403 3404 3405 4405 4414 4415 4427 4429 4431 4433 4435 4437 4439 4441 4494 4497 4500 4503 4504 4519 4526 4546 4681 4781 4797 4799 4808 4834 4934 4938 4941 4947 5555 6223 6863 6868 6910 6953 7027 7037 7043 7053 7063 7073 7083 7093 7103 7113
2 16 18 60 67 76 85 123 156 162 165 169 171 181 185 189 199 236 261 266 278 295 381 2298 2301 2355 2403 3404 3405 4405 4414 4415 4427 4429 4431 4433 4435 4437 4439 4441 4494 4497 4500 4503 4507 4524 4527 4528 4628 4728 4786 4799 4808 4834 4937 4940 4941 4947 5555 6223 6863 6868 6910 6933 7026 7036 7043 7058 7063 7073 7083 7093 7103 7113
3 15 18 57 71 75 91 112 155 163 164 170 171 181 185 189 199 253 261 266 278 282 447 1381 2299 2302 2402 3402 3405 4405 4410 4415 4427 4429 4431 4433 4435 4437 4439 4441 4492 4495 4498 4501 4504 4518 4525 4528 4628 4728 4786 4799 4808 4834 4934 4938 4941 4946 4954 5947 6857 6867 6870 6923 7023 7033 7043 7053 7063 7073 7083 7093 7103 7113
3 15 18 56 71 75 91 112 155 163 164 170 171 181 185 189 199 253 261 266 277 281 447 1381 2299 2302 2402 3402 3405 4405 4410 4415 4427 4429 4431 4433 4435 4437 4439 4441 4492 4495 4498 4501 4504 4518 4525 4528 4628 4728 4786 4799 4808 4834 4934 4938 4941 4946 4954 5947 6857 6867 6870 6923 7023 7033 7043 7053 7063 7073 7083 7093 7103 7113
1 16 18 59 69 77 85 126 159 162 165 169 171 181 185 189 198 204 261 266 278 292 388 1349 2301 2355 2403 3404 3405 4405 4414 4415 4427 4429 4431 4433 4435 4437 4439 4441 4493 4497 4499 4503 4506 4519 4526 4560 4681 4781 4797 4799 4808 4834 4934 4938 4941 4947 5695 6262 6863 6868 6916 6961 7025 7036 7043 7058 7063 7073 7083 7096 7103 7113
3 15 18 57 71 76 99 112 155 163 164 170 171 181 185 189 198 253 261 266 278 283 388 1349 2299 2302 2402 3402 3405 4405 4410 4415 4427 4429 4431 4433 4435 4437 4439 4441 4492 4495 4498 4501 4504 4518 4525 4528 4628 4728 4786 4799 4808 4834 4934 4938 4941 4946 4954 5947 6857 6867 6870 6923 7023 7033 7043 7053 7063 7073 7083 7093 7103 7113
1 15 18 62 67 76 85 126 156 162 164 169 171 181 185 189 199 230 261 266 278 291 331 2298 2300 2302 2402 3404 3405 4405 4413 4415 4427 4429 4431 4433 4435 4437 4439 4441 4494 4497 4500 4503 4504 4519 4526 4568 4681 4781 4787 4800 4815 4864 4934 4938 4941 4947 5276 6584 6858 6868 6922 6963 7027 7037 7047 7058 7063 7073 7083 7093 7103 7113
2 16 18 61 67 77 85 112 156 162 168 169 171 181 185 189 199 253 261 266 278 291 1294 2298 2300 2302 2402 3404 3405 4405 4414 4415 4427 4429 4431 4433 4435 4437 4439 4441 4494 4497 4500 4503 4507 4519 4526 4568 4681 4781 4787 4800 4816 4849 4934 4938 4941 4947 5484 6206 6858 6868 6922 6963 7027 7037 7047 7053 7063 7073 7083 7093 7103 7113
1 16 18 64 68 76 85 112 158 162 168 169 171 181 185 189 198 253 261 266 278 291 321 1386 2300 2302 2402 3404 3405 4405 4414 4415 4427 4429 4431 4433 4435 4437 4439 4441 4494 4497 4500 4503 4505 4524 4527 4528 4628 4728 4786 4799 4808 4834 4937 4940 4941 4952 4954 5947 6857 6869 6870 6923 7023 7036 7043 7058 7063 7073 7086 7093 7103 7113
1 15 18 60 71 75 85 112 161 162 164 169 171 181 185 189 199 253 261 266 278 288 349 2298 2301 2355 2404 3404 3405 4405 4414 4415 4427 4429 4431 4433 4435 4437 4439 4441 4494 4497 4500 4503 4504 4519 4526 4568 4681 4781 4787 4801 4814 4874 4934 4938 4941 4947 5676 6190 6858 6868 6922 6963 7027 7037 7047 7058 7063 7073 7083 7093 7103 7113
3 15 18 57 71 74 95 112 155 163 164 170 171 181 185 189 199 253 261 266 279 285 349 2298 2301 2355 2404 3404 3405 4405 4410 4415 4427 4429 4431 4433 4435 4437 4439 4441 4492 4495 4498 4501 4504 4518 4525 4528 4628 4728 4786 4799 4808 4834 4934 4938 4941 4946 4954 5947 6857 6867 6870 6923 7023 7033 7043 7053 7063 7073 7083 7093 7103 7113
11 16 18 61 69 75 85 112 159 162 168 169 171 181 185 189 198 253 261 266 278 292 349 2298 2301 2355 2404 3404 3405 4405 4414 4415 4427 4429 4431 4433 4435 4437 4439 4441 4494 4497 4500 4503 4510 4524 4527 4528 4628 4728 4786 4799 4808 4834 4937 4940 4941 4950 5796 6103 6859 6869 6870 6923 7023 7033 7043 7053 7063 7073 7083 7093 7103 7113
1 15 18 64 67 77 85 126 156 162 164 169 171 181 185 189 198 241 261 266 278 288 321 1331 2300 2302 2402 3404 3405 4405 4414 4415 4427 4429 4431 4433 4435 4437 4439 4441 4494 4497 4500 4503 4504 4524 4527 4528 4628 4728 4786 4799 4808 4834 4937 4940 4941 4952 4954 5947 6857 6869 6870 6923 7023 7036 7043 7058 7063 7076 7086 7093 7103 7113
2 16 18 64 67 76 85 124 156 162 168 169 171 181 185 189 198 255 261 266 278 295 387 1321 2300 2302 2402 3404 3405 4405 4414 4415 4427 4429 4431 4433 4435 4437 4439 4441 4494 4497 4500 4503 4506 4524 4527 4528 4628 4728 4786 4799 4808 4834 4937 4940 4941 4952 4954 5947 6857 6869 6870 6923 7023 7037 7043 7057 7063 7076 7086 7093 7107 7113
1 15 18 63 69 77 85 112 159 162 164 169 171 181 185 189 198 253 261 266 278 298 331 1321 2301 2355 2403 3404 3405 4405 4412 4426 4427 4429 4431 4433 4435 4437 4440 4443 4494 4497 4500 4503 4504 4519 4526 4569 4681 4781 4787 4800 4816 4879 4934 4938 4941 4947 5814 6106 6863 6868 6922 6945 7027 7037 7045 7058 7063 7073 7083 7093 7107 7113
11 16 18 63 69 77 85 126 159 162 168 169 171 181 185 189 199 241 261 266 278 296 390 1325 2301 2355 2420 3404 3405 4405 4414 4415 4427 4429 4431 4433 4435 4437 4439 4441 4494 4497 4500 4503 4508 4524 4527 4528 4628 4728 4786 4799 4808 4834 4937 4940 4941 4950 5804 5984 6861 6869 6870 6923 7023 7037 7043 7058 7063 7077 7083 7093 7107 7113
1 15 18 62 67 77 85 126 156 162 164 169 171 181 185 189 198 206 261 266 278 291 1238 2298 2300 2302 2402 3404 3405 4405 4414 4415 4427 4429 4431 4433 4435 4437 4439 4441 4494 4497 4500 4503 4504 4521 4527 4528 4628 4728 4786 4799 4808 4834 4935 4939 4945 4948 5146 6751 6858 6868 6900 6978 7027 7037 7047 7058 7063 7073 7083 7093 7103 7116
2 16 18 61 67 77 85 126 156 162 168 169 171 181 185 189 198 206 261 266 278 291 1238 2298 2300 2302 2402 3404 3405 4405 4414 4415 4427 4429 4431 4433 4435 4437 4439 4441 4494 4497 4500 4503 4506 4520 4527 4528 4628 4728 4786 4799 4808 4834 4936 4940 4941 4947 5715 6353 6858 6868 6918 6943 7026 7036 7046 7058 7063 7073 7083 7093 7103 7113
1 16 18 61 70 77 85 124 160 162 168 169 171 181 185 189 198 238 261 266 278 295 331 2298 2300 2302 2402 3404 3405 4405 4414 4415 4427 4429 4431 4433 4435 4437 4439 4441 4494 4497 4500 4503 4507 4519 4526 4565 4634 4734 4787 4800 4817 4849 4934 4938 4941 4947 5685 5974 6859 6868 6920 6960 7027 7037 7047 7053 7063 7077 7083 7093 7103 7113
7 15 18 58 71 77 85 124 161 162 164 170 171 181 185 189 198 255 261 266 279 288 331 2298 2300 2302 2402 3404 3405 4405 4414 4415 4427 4429 4431 4433 4435 4437 4439 4441 4494 4497 4500 4503 4504 4524 4527 4528 4628 4728 4786 4799 4808 4834 4937 4940 4941 4947 5665 6836 6858 6868 6882 6953 7026 7036 7046 7058 7063 7073 7083 7093 7103 7113
1 15 18 60 67 75 85 126 156 162 164 169 171 181 185 189 198 206 261 266 278 294 331 1349 2300 2302 2402 3404 3405 4405 4414 4415 4427 4429 4431 4433 4435 4437 4439 4441 4494 4497 4500 4503 4504 4521 4527 4528 4628 4728 4786 4799 4808 4834 4937 4939 4945 4948 5665 6200 6858 6868 6913 6971 7027 7037 7047 7058 7063 7073 7083 7093 7103 7113
2 16 18 60 67 76 85 126 156 162 166 169 171 181 185 189 198 206 261 266 278 294 349 1397 2300 2302 2402 3404 3405 4405 4414 4415 4427 4429 4431 4433 4435 4437 4439 4441 4494 4497 4500 4503 4507 4519 4526 4568 4681 4781 4787 4800 4815 4914 4934 4938 4941 4947 5875 5952 6860 6868 6922 6963 7027 7037 7047 7058 7063 7073 7083 7093 7103 7113
3 15 18 58 71 75 88 126 155 163 164 170 171 181 185 189 198 206 261 266 279 286 397 1349 2300 2302 2402 3404 3405 4405 4410 4415 4427 4429 4431 4433 4435 4437 4439 4441 4492 4495 4498 4501 4504 4518 4525 4528 4628 4728 4786 4799 4808 4834 4934 4938 4941 4946 4954 5947 6857 6867 6870 6923 7023 7033 7043 7053 7063 7073 7083 7093 7103 7113
1 15 18 59 70 74 85 124 160 162 164 169 171 181 185 189 198 255 261 266 278 290 321 1381 2301 2357 2412 3404 3405 4405 4414 4415 4427 4429 4431 4433 4435 4437 4439 4441 4494 4497 4500 4503 4504 4524 4527 4528 4628 4728 4786 4799 4808 4834 4937 4940 4941 4947 5595 5964 6858 6868 6922 6973 7027 7037 7047 7058 7063 7073 7083 7093 7103 7113
10 16 18 60 69 73 85 112 159 162 168 169 171 181 185 189 198 253 261 266 278 292 331 2298 2301 2355 2417 3404 3405 4405 4414 4415 4427 4429 4431 4433 4435 4437 4439 4441 4494 4497 4500 4503 4508 4521 4527 4528 4628 4728 4786 4799 4808 4834 4937 4939 4945 4948 5595 6390 6858 6868 6900 6953 7026 7036 7046 7058 7063 7073 7083 7093 7103 7113
10 16 18 58 71 74 85 112 161 162 168 169 171 181 185 189 198 253 261 266 279 286 331 2298 2301 2355 2417 3404 3405 4405 4410 4415 4427 4429 4431 4433 4435 4437 4439 4441 4492 4495 4500 4503 4505 4518 4525 4528 4628 4728 4786 4799 4808 4834 4934 4938 4941 4946 4954 5947 6857 6867 6870 6923 7023 7036 7043 7058 7063 7073 7083 7093 7103 7116
10 15 18 58 71 73 85 112 155 162 164 169 171 181 185 189 197 253 261 266 279 285 331 2298 2301 2355 2417 3404 3405 4405 4410 4415 4427 4429 4431 4433 4435 4437 4439 4441 4492 4495 4498 4501 4504 4518 4525 4528 4628 4728 4786 4799 4808 4834 4934 4938 4941 4946 4954 5947 6857 6867 6870 6923 7023 7033 7043 7053 7063 7073 7083 7093 7103 7113
10 15 18 59 71 74 85 126 161 162 164 169 171 181 185 189 198 206 261 266 278 291 381 2298 2301 2355 2417 3404 3405 4405 4412 4417 4427 4430 4431 4433 4435 4437 4439 4444 4494 4497 4500 4503 4504 4519 4526 4570 4681 4781 4787 4800 4817 4874 4934 4938 4941 4947 5594 5969 6858 6868 6872 6963 7026 7036 7046 7058 7063 7073 7083 7093 7103 7113
1 15 18 61 67 76 85 124 156 162 164 169 171 181 185 189 198 217 261 266 278 291 310 2298 2300 2302 2402 3404 3405 4405 4414 4415 4427 4429 4431 4433 4435 4437 4439 4441 4494 4497 4500 4503 4504 4519 4526 4540 4681 4781 4797 4799 4808 4834 4934 4938 4941 4947 5114 6206 6858 6868 6922 6963 7027 7037 7047 7058 7063 7073 7083 7093 7103 7113
2 16 18 60 67 77 85 112 156 162 166 169 171 181 185 189 198 253 261 266 278 292 331 2298 2300 2302 2402 3404 3405 4405 4414 4415 4427 4429 4431 4433 4435 4437 4439 4441 4494 4497 4500 4503 4507 4524 4527 4528 4628 4728 4786 4799 4808 4834 4937 4940 4941 4948 5014 5970 6858 6868 6922 6963 7027 7037 7047 7057 7063 7073 7083 7093 7103 7113
4 15 18 58 71 76 91 126 155 163 164 170 171 181 185 189 198 241 261 266 279 287 331 2298 2300 2302 2402 3404 3405 4405 4410 4415 4427 4429 4431 4433 4435 4437 4439 4441 4492 4495 4498 4501 4504 4518 4525 4528 4628 4728 4786 4799 4808 4834 4934 4938 4941 4946 4954 5947 6857 6867 6870 6923 7023 7033 7043 7053 7063 7073 7083 7093 7103 7113
4 16 18 58 71 77 91 126 155 163 168 170 171 181 185 189 198 241 261 266 279 286 331 2298 2300 2302 2402 3404 3405 4405 4410 4415 4427 4429 4431 4433 4435 4437 4439 4441 4492 4495 4498 4501 4504 4518 4525 4528 4628 4728 4786 4799 4808 4834 4934 4938 4941 4946 4954 5947 6857 6867 6870 6923 7023 7033 7043 7053 7063 7073 7083 7093 7103 7113
1 16 18 64 68 76 85 123 158 162 168 169 171 181 185 189 198 236 261 266 278 296 387 1321 2301 2314 2425 3404 3405 4405 4414 4415 4427 4429 4431 4433 4435 4437 4439 4441 4494 4497 4500 4503 4509 4524 4527 4528 4628 4728 4786 4799 4808 4834 4937 4940 4941 4952 4954 5947 6857 6869 6870 6923 7023 7037 7043 7058 7063 7073 7087 7093 7103 7113
1 15 18 66 67 77 85 124 156 162 164 169 171 181 185 189 199 229 261 266 278 291 321 2298 2301 2355 2403 3404 3405 4405 4412 4424 4427 4429 4431 4433 4436 4438 4440 4454 4493 4496 4499 4503 4504 4524 4527 4528 4628 4728 4786 4799 4808 4834 4937 4940 4941 4952 4954 5947 6857 6869 6870 6923 7023 7037 7043 7058 7063 7076 7083 7093 7107 7113
2 16 18 65 67 77 85 124 156 162 168 169 171 181 185 189 199 220 261 266 278 290 349 1321 2301 2355 2403 3404 3405 4405 4414 4415 4427 4429 4431 4433 4435 4437 4439 4441 4493 4496 4500 4503 4506 4524 4527 4528 4628 4728 4786 4799 4808 4834 4937 4940 4941 4953 4954 5947 6857 6869 6870 6923 7023 7037 7043 7058 7063 7076 7083 7093 7107 7113
1 16 18 63 67 76 85 154 156 162 168 169 171 181 185 189 199 258 265 267 278 289 331 2230 2300 2302 2402 3404 3405 4405 4414 4415 4427 4429 4431 4433 4435 4437 4439 4441 4494 4497 4500 4503 4507 4519 4525 4588 4681 4781 4787 4800 4818 4839 4934 4938 4941 4947 5615 6190 6863 6868 6922 6983 7026 7037 7043 7058 7063 7073 7086 7093 7103 7113
2 15 18 64 67 78 85 154 156 162 164 169 171 181 185 189 199 258 265 267 278 289 381 2230 2300 2302 2402 3404 3405 4405 4414 4415 4427 4429 4431 4433 4435 4437 4439 4441 4494 4497 4500 4503 4504 4524 4527 4528 4628 4728 4786 4799 4808 4834 4937 4940 4941 4953 4954 5947 6857 6869 6870 6923 7023 7037 7043 7058 7063 7076 7086 7093 7107 7113
1 16 18 65 68 77 85 112 158 162 168 169 171 181 185 189 198 253 261 266 278 291 321 1396 2300 2302 2402 3403 4113 4406 4414 4415 4427 4429 4431 4433 4435 4437 4439 4441 4494 4497 4500 4503 4505 4524 4527 4528 4628 4728 4786 4799 4808 4834 4937 4940 4941 4952 4954 5947 6857 6869 6870 6923 7023 7036 7043 7058 7063 7073 7086 7093 7103 7113
5 16 18 64 68 76 85 112 158 162 168 169 171 181 185 189 198 253 261 266 278 290 321 1387 2300 2302 2402 3404 3405 4405 4414 4415 4427 4429 4431 4433 4435 4437 4439 4441 4493 4496 4500 4503 4506 4524 4527 4528 4628 4728 4786 4799 4808 4834 4937 4940 4941 4952 4954 5947 6857 6869 6870 6923 7023 7036 7043 7058 7063 7073 7086 7093 7103 7113
1 15 18 62 67 75 85 153 156 162 164 169 171 181 185 189 199 258 264 276 278 293 381 2298 2300 2302 2402 3404 3405 4405 4412 4419 4427 4429 4432 4434 4435 4437 4439 4445 4494 4497 4500 4503 4504 4519 4526 4568 4681 4781 4787 4800 4815 4854 4934 4938 4941 4947 5346 6163 6858 6868 6922 6963 7027 7037 7047 7058 7063 7074 7083 7093 7103 7113
2 16 18 62 67 75 85 154 156 162 168 169 171 181 185 189 199 258 265 274 278 286 321 2298 2300 2302 2402 3404 3405 4405 4414 4415 4427 4429 4431 4433 4435 4437 4439 4441 4494 4497 4500 4503 4507 4524 4527 4528 4628 4728 4786 4799 4808 4834 4937 4940 4941 4948 5716 5964 6858 6868 6876 6935 7025 7035 7045 7057 7063 7073 7083 7093 7103 7113
3 15 18 59 71 74 85 126 161 162 164 169 171 181 185 189 199 206 261 266 279 289 321 1381 2300 2302 2402 3404 3405 4405 4414 4415 4427 4429 4431 4433 4435 4437 4439 4441 4494 4497 4500 4503 4504 4521 4527 4528 4628 4728 4786 4799 4808 4834 4937 4939 4945 4948 5014 6816 6858 6868 6917 6963 7027 7037 7047 7058 7063 7073 7083 7093 7103 7113
1 15 18 61 67 76 85 154 156 162 164 169 171 181 185 189 198 258 265 273 278 293 408 2298 2300 2302 2402 3403 4055 4407 4414 4415 4427 4429 4431 4433 4435 4437 4439 4441 4494 4497 4500 4503 4504 4519 4526 4578 4681 4781 4787 4800 4817 4849 4934 4938 4941 4947 5286 6584 6863 6868 6918 6968 7027 7037 7043 7056 7063 7074 7083 7093 7103 7113
2 16 18 60 67 76 85 153 156 162 166 169 171 181 185 189 198 258 264 273 279 292 408 2298 2300 2302 2402 3403 4055 4406 4414 4415 4427 4429 4431 4433 4435 4437 4439 4441 4494 4497 4500 4503 4507 4519 4526 4556 4681 4781 4787 4800 4817 4849 4934 4938 4941 4947 5775 6393 6858 6868 6894 6948 7026 7036 7046 7058 7063 7073 7083 7093 7103 7113
3 15 18 58 71 77 87 126 161 163 164 170 171 181 185 189 198 206 261 266 279 289 408 2298 2300 2302 2402 3403 4055 4406 4414 4415 4427 4429 4431 4433 4435 4437 4439 4441 4494 4497 4500 4503 4504 4519 4526 4542 4681 4781 4787 4800 4824 4849 4934 4938 4941 4947 5346 6836 6858 6869 6870 6923 7023 7033 7043 7053 7063 7073 7083 7093 7103 7113
3 15 18 58 71 76 87 126 155 163 164 170 171 181 185 189 198 206 261 266 279 286 408 2298 2300 2302 2402 3403 4055 4406 4410 4415 4427 4429 4431 4433 4435 4437 4439 4441 4492 4495 4498 4501 4504 4518 4525 4528 4628 4728 4786 4799 4808 4834 4934 4938 4941 4946 4954 5947 6857 6867 6870 6923 7023 7033 7043 7053 7063 7073 7083 7093 7103 7113
1 16 18 60 67 77 85 123 156 162 168 169 171 181 185 189 199 236 261 266 279 295 349 1325 2301 2338 2458 3404 3405 4405 4414 4415 4427 4429 4431 4433 4435 4437 4439 4441 4494 4497 4500 4503 4505 4519 4526 4542 4681 4781 4787 4800 4823 4933 4934 4938 4941 4947 5794 6052 6859 6868 6906 6937 7026 7036 7046 7058 7063 7073 7083 7093 7103 7113
2 15 18 61 67 77 85 123 156 162 164 169 171 181 185 189 199 236 261 266 278 292 331 2297 2301 2338 2458 3404 3405 4405 4414 4415 4427 4429 4431 4433 4435 4437 4439 4441 4494 4497 4500 4503 4504 4519 4526 4568 4681 4781 4787 4800 4817 4844 4934 4938 4941 4947 5587 5969 6858 6868 6922 6977 7028 7038 7048 7058 7063 7073 7083 7093 7103 7113
14 16 18 58 71 75 85 112 155 162 168 169 171 181 185 189 197 253 261 266 279 286 331 2219 2301 2355 2403 3404 3405 4405 4410 4415 4427 4429 4431 4433 4435 4437 4439 4441 4492 4495 4498 4501 4504 4518 4525 4528 4628 4728 4786 4799 4808 4834 4934 4938 4941 4946 4954 5947 6857 6867 6870 6923 7023 7033 7043 7053 7063 7073 7083 7093 7103 7113
1 15 18 60 67 77 85 112 156 162 164 169 171 181 185 189 199 253 261 266 278 290 1298 2298 2301 2355 2403 3404 3405 4405 4414 4415 4427 4429 4431 4433 4435 4437 4439 4441 4494 4497 4500 4503 4504 4519 4526 4578 4681 4781 4787 4800 4811 4854 4934 4938 4941 4947 5506 6751 6858 6868 6922 6973 7027 7037 7047 7057 7063 7075 7083 7093 7103 7113
2 16 18 59 67 77 85 112 156 162 168 169 171 181 185 189 199 253 261 266 278 292 1298 2298 2301 2355 2403 3404 3405 4405 4414 4415 4427 4429 4431 4433 4435 4437 4439 4441 4494 4497 4500 4503 4505 4519 4526 4564 4681 4781 4787 4800 4815 4914 4934 4938 4941 4947 5656 6260 6862 6868 6922 6963 7027 7037 7047 7058 7063 7073 7083 7093 7103 7113
1 15 18 59 71 76 85 112 161 162 164 169 171 181 185 189 198 253 261 266 278 291 331 2234 2301 2355 2407 3404 3405 4405 4414 4415 4427 4429 4431 4433 4435 4437 4439 4441 4494 4497 4500 4503 4504 4519 4526 4568 4681 4781 4787 4801 4829 4839 4934 4938 4941 4947 5545 6312 6858 6868 6922 6963 7026 7036 7046 7058 7063 7073 7083 7093 7103 7113
5 15 18 59 71 76 85 112 161 162 164 169 171 181 185 189 198 253 261 266 279 294 331 2234 2301 2355 2407 3404 3405 4405 4414 4415 4427 4429 4431 4433 4435 4437 4439 4441 4494 4497 4500 4503 4504 4519 4526 4556 4681 4781 4795 4799 4824 4849 4934 4938 4941 4947 5554 6836 6858 6868 6922 6943 7026 7036 7046 7058 7063 7073 7083 7093 7103 7113
1 15 18 59 71 77 85 112 161 162 164 169 171 181 185 189 198 253 261 266 278 291 1298 2298 2301 2355 2403 3404 3405 4405 4414 4415 4427 4429 4431 4433 4435 4437 4439 4441 4494 4497 4500 4503 4504 4519 4526 4568 4681 4781 4787 4800 4816 4849 4934 4938 4941 4947 5014 6514 6858 6868 6920 6963 7027 7037 7047 7058 7063 7073 7083 7093 7103 7113
1 16 18 63 67 76 85 124 156 162 168 169 171 181 185 189 199 227 261 266 278 292 381 2298 2300 2302 2402 3404 3405 4405 4414 4415 4427 4429 4431 4433 4435 4437 4439 4441 4494 4497 4500 4502 4508 4524 4527 4528 4628 4728 4786 4799 4808 4834 4934 4938 4941 4951 4954 5947 6857 6869 6870 6923 7023 7036 7043 7058 7063 7073 7086 7093 7103 7113
2 15 18 64 67 77 85 112 156 162 164 169 171 181 185 189 199 253 261 266 279 290 381 2298 2300 2302 2402 3404 3405 4405 4412 4425 4427 4429 4431 4433 4435 4438 4439 4445 4494 4497 4500 4503 4504 4524 4527 4528 4628 4728 4786 4799 4808 4834 4934 4940 4941 4952 4954 5947 6857 6869 6870 6923 7023 7037 7043 7058 7063 7076 7086 7093 7107 7113
1 15 18 60 67 77 85 123 156 162 164 169 171 181 185 189 198 236 261 266 278 298 413 2298 2301 2308 2467 3404 3405 4405 4414 4415 4427 4429 4431 4433 4435 4437 4439 4441 4494 4497 4500 4503 4504 4519 4526 4583 4681 4781 4787 4800 4816 4844 4934 4938 4941 4947 5804 6105 6861 6868 6920 6973 7027 7037 7047 7058 7063 7075 7083 7093 7103 7113
2 16 54 60 67 77 85 126 156 162 166 169 171 181 185 190 198 208 261 266 278 296 509 2298 2301 2308 2467 3403 4030 4406 4414 4415 4427 4429 4431 4433 4435 4437 4439 4441 4494 4497 4500 4503 4507 4524 4527 4528 4628 4728 4786 4799 4808 4834 4934 4940 4941 4948 5825 6121 6859 6868 6918 6963 7027 7037 7047 7058 7063 7073 7083 7093 7103 7113
3 15 18 57 71 76 90 126 155 163 164 170 171 181 185 190 198 206 261 266 279 285 509 1410 2301 2308 2467 3404 3405 4405 4410 4415 4427 4429 4431 4433 4435 4437 4439 4441 4492 4495 4498 4501 4504 4518 4525 4528 4628 4728 4786 4799 4808 4834 4934 4938 4941 4946 4954 5947 6857 6867 6870 6923 7023 7033 7043 7053 7063 7073 7083 7093 7103 7113
3 16 18 57 71 77 90 126 155 163 168 170 171 181 185 190 198 206 261 266 279 283 509 1410 2301 2308 2467 3404 3405 4405 4410 4415 4427 4429 4431 4433 4435 4437 4439 4441 4492 4495 4498 4501 4504 4518 4525 4528 4628 4728 4786 4799 4808 4834 4934 4938 4941 4946 4954 5947 6857 6867 6870 6923 7023 7033 7043 7053 7063 7073 7083 7093 7103 7113
4 15 18 59 71 77 85 112 161 162 164 169 171 181 185 189 198 253 261 266 279 292 1298 2298 2301 2308 2467 3404 3405 4405 4414 4415 4427 4429 4431 4433 4435 4437 4439 4441 4494 4497 4500 4503 4504 4519 4525 4556 4681 4781 4787 4800 4816 4844 4934 4938 4941 4947 5754 6223 6858 6868 6920 6941 7026 7036 7046 7058 7063 7073 7083 7093 7103 7113
3 16 54 59 71 76 85 126 161 162 168 169 171 181 185 189 198 206 261 266 279 292 1298 2298 2301 2308 2467 3404 3405 4405 4414 4415 4427 4429 4431 4433 4435 4437 4439 4441 4494 4497 4500 4503 4505 4519 4525 4533 4681 4781 4787 4800 4816 4844 4934 4938 4941 4947 5804 6276 6861 6868 6885 6935 7025 7035 7045 7057 7063 7073 7083 7093 7103 7113
1 15 18 62 69 77 85 126 159 162 164 169 171 181 185 189 198 206 261 266 278 294 1230 1331 2301 2355 2409 3404 3405 4405 4412 4423 4427 4429 4431 4433 4436 4437 4439 4442 4493 4496 4499 4503 4504 4524 4527 4528 4628 4728 4786 4799 4808 4834 4937 4940 4941 4952 4954 5947 6857 6869 6870 6923 7023 7036 7043 7058 7063 7073 7083 7096 7103 7113
1 15 18 60 67 76 85 112 156 162 164 169 171 181 185 189 198 253 261 266 278 291 1238 2298 2301 2355 2403 3404 3405 4405 4414 4415 4427 4429 4431 4433 4435 4437 4439 4441 4494 4497 4500 4503 4504 4519 4526 4568 4681 4781 4787 4800 4815 4839 4934 4938 4941 4947 5014 6501 6858 6868 6920 6958 7027 7037 7047 7058 7063 7073 7083 7093 7103 7113
2 16 18 60 67 77 85 112 156 162 166 169 171 181 185 189 198 253 261 266 278 291 1238 2298 2301 2355 2403 3404 3405 4405 4414 4415 4427 4429 4431 4433 4435 4437 4439 4441 4494 4497 4500 4503 4508 4519 4526 4540 4681 4781 4787 4800 4819 4844 4934 4938 4941 4947 5745 6182 6863 6868 6874 6935 7025 7035 7043 7057 7063 7073 7083 7093 7103 7113
3 16 18 58 71 76 87 112 161 163 168 170 171 181 185 189 198 253 261 266 279 287 1238 2298 2301 2355 2403 3404 3405 4405 4410 4415 4427 4429 4431 4433 4435 4437 4439 4441 4492 4495 4500 4503 4505 4518 4527 4528 4628 4728 4786 4799 4808 4834 4934 4938 4941 4946 4954 5947 6857 6867 6870 6923 7023 7033 7043 7053 7063 7073 7083 7093 7103 7113
3 16 18 58 71 77 87 112 155 163 168 170 171 181 185 189 198 253 261 266 279 286 1238 2298 2301 2355 2403 3404 3405 4405 4410 4415 4427 4429 4431 4433 4435 4437 4439 4441 4492 4495 4498 4501 4504 4518 4525 4528 4628 4728 4786 4799 4808 4834 4934 4938 4941 4946 4954 5947 6857 6867 6870 6923 7023 7033 7043 7053 7063 7073 7083 7093 7103 7113
3 15 18 57 71 77 87 112 155 163 164 170 171 181 185 189 198 253 261 266 279 285 1238 2298 2301 2355 2403 3404 3405 4405 4410 4415 4427 4429 4431 4433 4435 4437 4439 4441 4492 4495 4498 4501 4504 4518 4525 4528 4628 4728 4786 4799 4808 4834 4934 4938 4941 4946 4954 5947 6857 6867 6870 6923 7023 7033 7043 7053 7063 7073 7083 7093 7103 7113
1 15 18 62 67 74 85 112 156 162 164 169 171 181 185 189 198 253 261 266 278 289 321 1325 2300 2302 2402 3404 3405 4405 4414 4415 4427 4429 4431 4433 4435 4437 4439 4441 4494 4497 4500 4503 4504 4519 4526 4568 4681 4781 4787 4800 4814 4879 4934 4938 4941 4947 5226 6526 6858 6868 6922 6963 7027 7037 7047 7058 7063 7073 7083 7093 7103 7113
2 16 18 63 67 75 85 112 156 162 168 169 171 181 185 189 198 253 261 266 278 289 321 2298 2300 2302 2402 3404 3405 4405 4414 4415 4427 4429 4431 4433 4435 4437 4439 4441 4494 4497 4500 4503 4508 4524 4527 4528 4628 4728 4786 4799 4808 4834 4937 4940 4941 4951 4954 5947 6857 6869 6870 6923 7023 7033 7043 7053 7063 7073 7083 7093 7103 7113
3 15 18 59 69 75 85 112 159 162 164 169 171 181 185 189 198 253 261 266 278 287 321 2298 2300 2302 2402 3404 3405 4405 4414 4415 4427 4429 4431 4433 4435 4437 4439 4441 4494 4497 4500 4503 4504 4519 4526 4568 4681 4781 4787 4802 4815 4869 4934 4938 4941 4947 5716 6433 6858 6868 6915 6963 7026 7036 7046 7058 7063 7073 7083 7093 7103 7113
9 16 18 59 71 74 85 125 161 162 168 169 171 181 185 189 198 212 261 266 278 290 321 2298 2301 2358 2405 3404 3405 4405 4414 4415 4427 4429 4431 4433 4435 4437 4439 4441 4494 4497 4500 4503 4505 4519 4526 4568 4681 4781 4787 4802 4815 4869 4934 4938 4941 4947 5716 6396 6858 6868 6896 6958 7026 7036 7046 7058 7063 7073 7083 7096 7103 7113
1 15 18 60 67 75 85 125 156 162 164 169 171 181 185 189 198 251 261 266 278 295 331 1321 2300 2302 2402 3404 3405 4405 4412 4419 4427 4429 4432 4433 4435 4437 4439 4443 4494 4497 4500 4503 4504 4519 4526 4568 4681 4781 4787 4800 4816 4849 4934 4938 4941 4947 5695 6326 6858 6868 6922 6963 7027 7037 7047 7058 7063 7073 7083 7093 7103 7113
2 16 18 60 67 76 85 112 156 162 166 169 171 181 185 189 198 253 261 266 278 296 331 1381 2300 2302 2402 3404 3405 4405 4414 4415 4427 4429 4431 4433 4435 4437 4439 4441 4494 4497 4500 4503 4506 4519 4526 4541 4681 4781 4787 4801 4817 4854 4934 4938 4941 4947 5796 6103 6861 6868 6900 6953 7026 7036 7046 7058 7063 7073 7083 7093 7103 7113
3 16 18 57 71 75 87 112 155 163 168 170 171 181 185 189 198 253 261 266 279 285 331 1381 2300 2302 2402 3404 3405 4405 4410 4415 4427 4429 4431 4433 4435 4437 4439 4441 4492 4495 4498 4501 4504 4518 4525 4528 4628 4728 4786 4799 4808 4834 4934 4938 4941 4946 4954 5947 6857 6867 6870 6923 7023 7033 7043 7053 7063 7073 7083 7093 7103 7113
1 15 18 61 71 76 85 112 161 162 164 169 171 181 185 189 198 253 261 266 278 291 320 1331 2301 2355 2403 3404 3405 4405 4414 4415 4427 4429 4431 4433 4435 4437 4439 4441 4494 4497 4500 4503 4504 4519 4526 4568 4681 4781 4787 4800 4817 4844 4934 4938 4941 4947 5366 6400 6862 6868 6922 6971 7027 7037 7047 7058 7063 7075 7083 7093 7103 7113
1 16 18 63 68 76 85 124 158 162 168 169 171 181 185 189 198 239 261 266 278 292 325 1386 2300 2302 2402 3404 3405 4405 4414 4415 4427 4429 4431 4433 4435 4437 4439 4441 4493 4497 4500 4503 4506 4524 4527 4528 4628 4728 4786 4799 4808 4834 4937 4940 4941 4948 5814 5961 6860 6868 6903 6953 7026 7037 7046 7058 7063 7076 7087 7093 7105 7113
1 15 18 59 71 84 85 112 161 162 164 169 171 181 185 189 198 253 261 266 278 292 350 2298 2301 2355 2403 3404 3405 4405 4414 4415 4427 4429 4431 4433 4435 4437 4439 4441 4494 4497 4500 4503 4504 4519 4526 4573 4681 4781 4787 4801 4814 4874 4934 4938 4941 4947 5716 6380 6858 6868 6917 6963 7027 7037 7047 7058 7063 7073 7083 7093 7103 7113
11 16 18 59 71 82 85 126 161 162 168 169 171 181 185 189 198 206 261 266 278 292 1298 2298 2301 2355 2403 3404 3405 4405 4414 4415 4427 4429 4431 4433 4435 4437 4439 4441 4494 4497 4500 4503 4505 4519 4526 4573 4681 4781 4787 4801 4814 4874 4934 4938 4941 4947 5716 6390 6858 6868 6917 6963 7027 7037 7047 7058 7063 7073 7083 7093 7103 7113
1 15 18 61 67 76 85 112 156 162 164 169 171 181 185 189 198 253 261 266 278 295 331 1321 2300 2302 2402 3404 3405 4405 4413 4415 4427 4429 4431 4433 4435 4437 4439 4441 4494 4497 4500 4503 4504 4519 4526 4576 4681 4781 4787 4800 4816 4846 4934 4938 4941 4947 5574 6210 6858 6868 6922 6963 7027 7037 7047 7058 7063 7076 7083 7093 7103 7113
2 16 18 61 67 76 85 112 156 162 168 169 171 181 185 189 198 253 261 266 278 295 325 1349 2300 2302 2402 3404 3405 4405 4414 4415 4427 4429 4431 4433 4435 4437 4439 4441 4493 4496 4500 4503 4507 4524 4527 4528 4628 4728 4786 4799 4808 4834 4937 4940 4941 4952 4954 5947 6857 6869 6870 6923 7023 7036 7043 7058 7063 7073 7083 7096 7103 7113
3 16 18 59 71 75 85 112 161 162 168 169 171 181 185 189 198 253 261 266 278 291 331 1325 2300 2302 2402 3404 3405 4405 4414 4415 4427 4429 4431 4433 4435 4437 4439 4441 4493 4496 4500 4503 4505 4524 4527 4528 4628 4728 4786 4799 4808 4834 4937 4940 4941 4949 5325 6732 6858 6869 6870 6923 7023 7036 7043 7058 7063 7073 7083 7096 7103 7113
1 15 18 61 67 76 85 112 156 162 164 169 171 181 185 189 198 253 261 266 278 292 319 1396 2300 2302 2402 3404 3405 4405 4412 4419 4428 4430 4432 4433 4435 4437 4439 4444 4494 4497 4500 4503 4504 4519 4526 4553 4681 4781 4787 4800 4816 4844 4934 4938 4941 4947 5836 6814 6858 6868 6894 6963 7027 7037 7047 7058 7063 7073 7083 7093 7103 7117
2 16 18 61 67 76 85 154 156 162 166 169 171 181 185 189 198 258 265 272 278 292 470 2298 2300 2302 2402 3404 3405 4405 4414 4415 4427 4429 4431 4433 4435 4437 4439 4441 4494 4497 4500 4503 4507 4519 4526 4555 4681 4781 4787 4800 4817 4839 4934 4938 4941 4947 5796 6103 6861 6868 6906 6943 7026 7036 7046 7058 7063 7073 7083 7093 7103 7113
3 16 18 58 71 76 89 126 155 163 168 170 171 181 185 189 198 215 261 266 279 286 470 1319 2300 2302 2402 3404 3405 4405 4410 4415 4427 4429 4431 4433 4435 4437 4439 4441 4492 4495 4498 4501 4504 4518 4525 4528 4628 4728 4786 4799 4808 4834 4934 4938 4941 4946 4954 5947 6857 6867 6870 6923 7023 7033 7043 7053 7063 7073 7083 7093 7103 7113
3 15 18 57 71 75 89 126 155 163 164 170 171 181 185 189 198 206 261 266 279 285 470 1319 2300 2302 2402 3404 3405 4405 4410 4415 4427 4429 4431 4433 4435 4437 4439 4441 4492 4495 4498 4501 4504 4518 4525 4528 4628 4728 4786 4799 4808 4834 4934 4938 4941 4946 4954 5947 6857 6867 6870 6923 7023 7033 7043 7053 7063 7073 7083 7093 7103 7113
1 15 18 63 67 77 85 125 156 162 164 169 171 181 185 189 198 205 261 266 278 290 321 2298 2300 2302 2402 3404 3405 4405 4412 4425 4427 4429 4431 4433 4435 4438 4439 4444 4493 4496 4500 4503 4504 4524 4527 4528 4628 4728 4786 4799 4808 4834 4937 4940 4941 4952 4954 5947 6857 6869 6870 6923 7023 7036 7043 7058 7063 7073 7086 7093 7103 7113
2 16 18 63 67 76 85 112 156 162 168 169 171 181 185 189 198 253 261 266 278 290 321 2298 2300 2302 2402 3404 3405 4405 4414 4415 4427 4429 4431 4433 4435 4437 4439 4441 4493 4496 4499 4503 4508 4524 4527 4528 4628 4728 4786 4799 4808 4834 4937 4940 4941 4952 4954 5947 6857 6869 6870 6923 7023 7036 7043 7058 7063 7073 7086 7093 7103 7113
1 15 18 62 67 76 85 126 156 162 164 169 171 181 185 189 199 204 261 266 278 292 424 1321 2301 2355 2403 3404 3405 4405 4413 4415 4427 4429 4431 4433 4435 4437 4439 4441 4494 4497 4500 4503 4504 4519 4526 4568 4681 4781 4787 4801 4816 4844 4934 4938 4941 4947 5815 6106 6861 6868 6922 6963 7027 7037 7047 7058 7063 7073 7083 7093 7106 7113
2 16 18 62 67 77 85 124 156 162 168 169 171 181 185 189 199 229 261 266 278 292 331 1321 2301 2355 2403 3404 3405 4405 4414 4415 4427 4429 4431 4433 4435 4437 4439 4441 4494 4497 4500 4503 4511 4519 4526 4556 4681 4781 4787 4801 4816 4844 4934 4938 4941 4947 5796 6103 6860 6868 6906 6951 7026 7036 7046 7058 7063 7073 7083 7093 7103 7113
1 15 18 65 67 76 85 112 156 162 164 169 171 181 185 189 198 253 261 266 278 287 331 1323 2300 2302 2402 3404 3405 4405 4414 4415 4427 4429 4431 4433 4435 4437 4439 4441 4493 4497 4500 4503 4504 4524 4527 4528 4628 4728 4786 4799 4808 4834 4937 4940 4941 4952 4954 5947 6857 6869 6870 6923 7023 7037 7043 7058 7063 7073 7086 7093 7106 7113
2 16 18 64 67 77 85 112 156 162 168 169 171 181 185 189 198 253 261 266 278 291 387 1325 2300 2302 2402 3404 3405 4405 4414 4415 4427 4429 4431 4433 4435 4437 4439 4441 4494 4497 4500 4503 4505 4524 4527 4528 4628 4728 4786 4799 4808 4834 4937 4940 4941 4952 4954 5947 6857 6869 6870 6923 7023 7036 7043 7058 7063 7075 7086 7093 7103 7113
1 15 18 60 67 76 85 112 156 162 164 169 171 181 185 189 199 253 261 266 278 294 321 1381 2301 2355 2403 3404 3405 4405 4414 4415 4427 4429 4431 4433 4435 4437 4439 4441 4494 4497 4500 4503 4504 4519 4526 4576 4681 4781 4787 4800 4815 4854 4934 4938 4941 4947 5226 6796 6858 6868 6922 6965 7027 7037 7047 7058 7063 7076 7083 7093 7103 7113
2 16 18 60 67 76 85 112 156 162 165 169 171 181 185 189 199 253 261 266 278 293 397 2298 2301 2355 2404 3404 3405 4405 4414 4415 4427 4429 4431 4433 4435 4437 4439 4441 4494 4497 4500 4503 4506 4519 4526 4550 4681 4781 4787 4801 4816 4864 4934 4938 4941 4947 5766 6150 6858 6868 6918 6951 7027 7037 7047 7057 7063 7073 7083 7093 7103 7113
3 16 18 56 71 76 87 112 155 163 168 170 171 181 185 189 199 253 261 266 277 281 1238 2298 2299 2302 2402 3402 3405 4405 4410 4415 4427 4429 4431 4433 4435 4437 4439 4441 4492 4495 4498 4501 4504 4518 4525 4528 4628 4728 4786 4799 4808 4834 4934 4938 4941 4946 4954 5947 6857 6867 6870 6923 7023 7033 7043 7053 7063 7073 7083 7093 7103 7113
1 15 18 64 67 77 85 125 156 162 164 169 171 181 185 189 198 240 261 266 278 291 331 2219 2301 2355 2403 3404 3405 4405 4412 4425 4427 4429 4431 4433 4435 4438 4439 4445 4493 4496 4500 4503 4504 4524 4527 4528 4628 4728 4786 4799 4808 4834 4934 4938 4941 4950 5394 6470 6858 6869 6870 6923 7023 7037 7043 7058 7063 7073 7087 7093 7106 7113
2 16 18 63 67 76 85 153 156 162 168 169 171 181 185 189 198 258 264 275 278 292 1298 2298 2301 2355 2403 3404 3405 4405 4414 4415 4427 4429 4431 4433 4435 4437 4439 4441 4494 4497 4500 4503 4507 4524 4527 4528 4628 4728 4786 4799 4808 4834 4937 4940 4941 4952 4954 5947 6857 6869 6870 6923 7023 7037 7043 7058 7063 7076 7086 7093 7106 7113
1 15 18 62 67 76 85 112 156 162 164 169 171 181 185 189 199 253 261 266 278 297 387 1325 2300 2302 2402 3404 3405 4405 4412 4423 4427 4429 4431 4434 4436 4437 4439 4443 4494 4497 4500 4503 4504 4519 4526 4576 4681 4781 4787 4800 4816 4846 4934 4938 4941 4947 5774 6032 6864 6868 6922 6968 7028 7038 7048 7058 7063 7076 7083 7093 7103 7113
2 16 18 60 67 76 85 112 156 162 166 169 171 181 185 189 199 253 261 266 278 295 331 1349 2301 2355 2403 3404 3405 4405 4414 4415 4427 4429 4431 4433 4435 4437 4439 4441 4494 4497 4500 4503 4507 4519 4526 4569 4681 4781 4787 4800 4816 4846 4934 4938 4941 4947 5774 6151 6858 6868 6922 6963 7027 7037 7047 7058 7063 7073 7083 7093 7103 7113
4 15 18 57 71 76 86 112 155 163 164 170 171 181 185 189 199 253 261 266 279 285 331 1349 2301 2355 2403 3404 3405 4405 4410 4415 4427 4429 4431 4433 4435 4437 4439 4441 4492 4495 4498 4501 4504 4518 4527 4528 4628 4728 4786 4799 4808 4834 4934 4938 4941 4946 4954 5947 6857 6867 6870 6923 7023 7033 7043 7053 7063 7073 7083 7093 7103 7113
4 16 18 57 71 77 86 112 155 163 168 170 171 181 185 189 199 253 261 266 279 284 331 1349 2301 2355 2403 3404 3405 4405 4410 4415 4427 4429 4431 4433 4435 4437 4439 4441 4492 4495 4498 4501 4504 4518 4525 4528 4628 4728 4786 4799 4808 4834 4934 4938 4941 4946 4954 5947 6857 6867 6870 6923 7023 7033 7043 7053 7063 7073 7083 7093 7103 7113
13 16 18 65 68 77 85 124 158 162 168 169 171 181 185 189 197 238 261 266 278 288 321 2298 2301 2355 2403 3404 3405 4405 4414 4415 4427 4429 4431 4433 4435 4437 4439 4441 4494 4497 4499 4503 4508 4524 4527 4528 4628 4728 4786 4799 4808 4834 4937 4940 4941 4952 4954 5947 6857 6869 6870 6923 7023 7036 7043 7058 7063 7073 7086 7093 7103 7113
1 15 18 64 67 73 85 112 156 162 164 169 171 181 185 189 198 253 261 266 278 291 331 1321 2300 2302 2402 3404 3405 4405 4414 4415 4427 4429 4431 4433 4435 4437 4439 4441 4494 4497 4500 4503 4504 4524 4527 4528 4628 4728 4786 4799 4808 4834 4937 4940 4941 4952 4954 5947 6857 6869 6870 6923 7023 7036 7043 7058 7063 7073 7086 7093 7103 7113
2 16 18 64 67 74 85 112 156 162 168 169 171 181 185 189 198 253 261 266 278 291 388 2298 2300 2302 2402 3404 3405 4405 4414 4415 4427 4429 4431 4433 4435 4437 4439 4441 4493 4496 4500 4503 4507 4524 4527 4528 4628 4728 4786 4799 4808 4834 4937 4940 4941 4953 4954 5947 6857 6869 6870 6923 7023 7036 7043 7058 7063 7073 7086 7093 7103 7113
3 16 18 62 71 74 85 112 161 162 168 169 171 181 185 189 198 253 261 266 278 291 321 2298 2300 2302 2402 3404 3405 4405 4414 4415 4427 4429 4431 4433 4435 4437 4439 4441 4494 4497 4500 4503 4505 4519 4526 4534 4681 4781 4787 4800 4818 4849 4934 4938 4941 4947 5766 6262 6858 6868 6922 6963 7027 7037 7047 7053 7063 7077 7083 7093 7103 7113
5 16 18 65 69 74 85 112 159 162 168 169 171 181 185 189 198 253 261 266 278 291 388 2298 2300 2302 2402 3404 3405 4405 4414 4415 4427 4429 4431 4433 4435 4437 4439 4441 4493 4496 4499 4502 4505 4524 4527 4528 4628 4728 4786 4799 4808 4834 4937 4940 4941 4952 4954 5947 6857 6869 6870 6923 7023 7036 7043 7058 7063 7073 7086 7093 7103 7113
1 16 23 59 71 76 85 153 161 162 168 169 171 181 185 189 198 258 264 270 280 295 1005 2298 2301 2355 2409 3403 4113 4407 4414 4415 4427 4429 4431 4433 4435 4437 4439 4441 4494 4497 4500 4503 4505 4519 4526 4568 4681 4781 4787 4800 4815 4869 4934 4938 4941 4947 5575 6724 6858 6868 6922 6963 7027 7037 7047 7058 7063 7073 7083 7093 7103 7113
1 15 18 63 67 78 85 112 156 162 164 169 171 181 185 189 199 253 261 266 278 291 321 1381 2300 2302 2402 3404 3405 4405 4413 4415 4427 4429 4431 4433 4435 4437 4439 4441 4494 4497 4500 4503 4504 4519 4526 4568 4681 4781 4787 4800 4816 4849 4934 4938 4941 4947 5585 6213 6858 6868 6922 6963 7027 7037 7047 7058 7063 7073 7083 7093 7103 7113
2 16 18 62 67 77 85 124 156 162 168 169 171 181 185 189 199 229 261 266 278 292 321 2298 2300 2302 2402 3404 3405 4405 4414 4415 4427 4429 4431 4433 4435 4437 4439 4441 4494 4497 4500 4503 4508 4524 4527 4528 4628 4728 4786 4799 4808 4834 4937 4940 4941 4948 5346 6260 6863 6868 6910 6963 7027 7037 7043 7058 7063 7073 7083 7093 7103 7113
3 16 18 60 71 79 85 112 161 162 168 169 171 181 185 189 199 253 261 266 278 291 321 2298 2301 2308 2468 3404 3405 4405 4412 4418 4428 4430 4431 4433 4435 4437 4439 4449 4494 4497 4500 4503 4505 4519 4526 4573 4681 4781 4787 4800 4817 4849 4934 4938 4941 4947 5665 6200 6858 6868 6922 6963 7027 7037 7047 7058 7063 7073 7083 7093 7103 7113
1 16 18 62 67 76 85 123 156 162 168 169 171 181 185 189 199 225 261 266 278 292 331 2234 2301 2355 2403 3404 3405 4405 4414 4415 4427 4429 4431 4433 4435 4437 4439 4441 4494 4497 4500 4503 4512 4519 4526 4568 4681 4781 4787 4800 4816 4849 4934 4938 4941 4947 5785 6260 6859 6868 6922 6963 7027 7037 7047 7058 7063 7073 7083 7093 7103 7113
2 15 18 61 67 76 85 112 156 162 164 169 171 181 185 189 199 253 261 266 278 295 390 2298 2301 2355 2403 3404 3405 4405 4413 4415 4427 4429 4431 4433 4435 4437 4439 4441 4494 4497 4500 4503 4504 4519 4526 4568 4681 4781 4787 4800 4814 4904 4934 4938 4941 4947 5344 6006 6858 6868 6922 6963 7027 7037 7047 7053 7063 7073 7083 7093 7103 7113
1 15 18 61 67 75 85 112 156 162 164 169 171 181 185 189 199 253 261 266 278 295 331 2298 2300 2302 2402 3404 3405 4405 4414 4415 4427 4429 4431 4433 4435 4437 4439 4441 4494 4497 4500 4503 4504 4519 4526 4573 4681 4781 4787 4802 4815 4859 4934 4938 4941 4947 5796 6104 6861 6868 6907 6968 7027 7037 7047 7058 7063 7075 7083 7093 7103 7113
2 16 18 60 67 75 85 112 156 162 165 169 171 181 185 189 199 253 261 266 278 295 381 1331 2300 2302 2402 3404 3405 4405 4414 4415 4427 4429 4431 4433 4435 4437 4439 4441 4494 4497 4500 4503 4506 4519 4526 4573 4681 4781 4787 4802 4815 4859 4934 4938 4941 4947 5796 6104 6861 6868 6907 6968 7027 7037 7047 7057 7063 7075 7083 7093 7103 7113
3 15 18 57 71 75 86 112 155 163 164 170 171 181 185 189 199 253 261 266 280 282 381 1331 2299 2302 2402 3402 3405 4405 4410 4415 4427 4429 4431 4433 4435 4437 4439 4441 4492 4495 4498 4501 4504 4518 4525 4528 4628 4728 4786 4799 4808 4834 4934 4938 4941 4946 4954 5947 6857 6867 6870 6923 7023 7033 7043 7053 7063 7073 7083 7093 7103 7113
1 15 18 62 71 77 85 112 161 162 164 169 171 181 185 189 199 253 261 266 278 291 331 2298 2300 2302 2402 3404 3405 4405 4412 4422 4427 4429 4431 4434 4435 4437 4439 4443 4494 4497 4500 4503 4504 4519 4526 4568 4681 4781 4787 4800 4816 4849 4934 4938 4941 4947 5365 6575 6858 6868 6922 6963 7027 7037 7047 7058 7063 7076 7083 7093 7103 7113
1 15 18 63 67 73 85 124 156 162 164 169 171 181 185 189 198 229 261 266 278 289 321 2298 2300 2302 2402 3404 3405 4405 4412 4425 4427 4429 4431 4433 4435 4438 4439 4443 4494 4497 4500 4503 4504 4519 4526 4543 4681 4781 4787 4800 4826 4844 4934 4938 4941 4947 5764 6223 6859 6868 6888 6942 7026 7037 7046 7058 7063 7076 7087 7095 7103 7113
2 16 18 62 67 73 85 126 156 162 168 169 171 181 185 189 198 216 261 266 278 291 331 1349 2300 2302 2402 3404 3405 4405 4414 4415 4427 4429 4431 4433 4435 4437 4439 4441 4494 4497 4500 4503 4509 4519 4526 4568 4681 4781 4787 4800 4815 4844 4934 4938 4941 4947 5664 6283 6858 6868 6922 6963 7027 7037 7047 7058 7063 7073 7083 7093 7103 7113
7 15 18 58 71 73 85 112 161 162 164 170 171 181 185 189 198 253 261 266 279 287 331 1321 2300 2302 2402 3404 3405 4405 4414 4415 4427 4429 4431 4433 4435 4437 4439 4441 4494 4497 4500 4503 4504 4524 4527 4528 4628 4728 4786 4799 4808 4834 4937 4940 4941 4953 4954 5947 6857 6869 6870 6923 7023 7033 7043 7053 7063 7073 7083 7093 7103 7113
7 16 18 58 71 73 85 112 155 162 168 170 171 181 185 189 198 253 261 266 279 286 331 1321 2300 2302 2402 3404 3405 4405 4410 4415 4427 4429 4431 4433 4435 4437 4439 4441 4492 4495 4498 4501 4504 4518 4525 4528 4628 4728 4786 4799 4808 4834 4934 4938 4941 4946 4954 5947 6857 6867 6870 6923 7023 7033 7043 7053 7063 7073 7083 7093 7103 7113
1 16 18 62 68 73 85 124 158 162 168 169 171 181 185 189 198 226 261 266 278 286 331 1349 2300 2302 2402 3404 3405 4405 4414 4415 4427 4429 4431 4433 4435 4437 4439 4441 4493 4496 4500 4503 4509 4524 4527 4528 4628 4728 4786 4799 4808 4834 4937 4940 4941 4952 4954 5947 6857 6869 6870 6923 7023 7037 7043 7057 7063 7073 7083 7093 7107 7113
1 15 18 64 67 73 85 126 156 162 164 169 171 181 185 189 198 241 261 266 278 292 331 2298 2301 2355 2403 3404 3405 4405 4412 4425 4427 4429 4431 4433 4435 4438 4439 4445 4494 4497 4500 4503 4504 4524 4527 4528 4628 4728 4786 4799 4808 4834 4937 4940 4941 4951 4954 5947 6857 6869 6870 6923 7023 7037 7043 7058 7063 7076 7086 7093 7106 7113
2 16 18 63 67 74 85 124 156 162 168 169 171 181 185 189 198 226 261 266 278 289 331 2298 2301 2355 2403 3404 3405 4405 4414 4415 4427 4429 4431 4433 4435 4437 4439 4441 4493 4496 4500 4503 4509 4524 4527 4528 4628 4728 4786 4799 4808 4834 4937 4940 4941 4952 4954 5947 6857 6869 6870 6923 7023 7036 7043 7058 7063 7073 7086 7093 7103 7113
1 15 18 64 69 73 85 112 159 162 164 169 171 181 185 189 198 253 261 266 278 286 331 1390 2300 2302 2402 3404 3405 4405 4414 4415 4427 4429 4431 4433 4435 4437 4439 4441 4493 4496 4499 4503 4504 4524 4527 4528 4628 4728 4786 4799 4808 4834 4937 4940 4941 4952 4954 5947 6857 6869 6870 6923 7023 7037 7043 7056 7063 7076 7086 7093 7103 7113
5 16 18 64 69 73 85 112 159 162 168 169 171 181 185 189 198 253 261 266 278 291 331 1390 2300 2302 2402 3404 3405 4405 4414 4415 4427 4429 4431 4433 4435 4437 4439 4441 4494 4497 4500 4503 4505 4524 4527 4528 4628 4728 4786 4799 4808 4834 4937 4940 4941 4951 4954 5947 6857 6869 6870 6923 7023 7037 7043 7058 7063 7077 7086 7093 7103 7113
1 15 18 62 67 73 85 112 156 162 164 169 171 181 185 189 199 253 261 266 278 292 1238 2298 2301 2355 2403 3404 3405 4405 4413 4415 4427 4429 4431 4433 4435 4437 4439 4441 4494 4497 4500 4503 4504 4519 4526 4568 4681 4781 4787 4800 4815 4933 4934 4938 4941 4947 5395 6476 6858 6868 6922 6963 7027 7037 7047 7053 7063 7073 7083 7093 7103 7113
2 16 18 62 67 73 85 112 156 162 168 169 171 181 185 189 199 253 261 266 278 292 1238 2298 2300 2302 2402 3404 3405 4405 4414 4415 4427 4429 4431 4433 4435 4437 4439 4441 4494 4497 4500 4503 4508 4524 4527 4528 4628 4728 4786 4799 4808 4834 4937 4940 4941 4948 5764 6284 6858 6868 6894 6963 7027 7037 7047 7058 7063 7076 7083 7093 7103 7113
1 16 23 60 70 74 85 126 160 162 165 169 171 181 185 189 198 206 261 266 278 291 1005 1321 2300 2302 2402 3404 3405 4405 4414 4415 4427 4429 4431 4433 4435 4437 4439 4441 4494 4497 4500 4503 4507 4519 4526 4564 4681 4781 4787 4800 4815 4879 4934 4938 4941 4947 4985 6442 6862 6868 6922 6963 7027 7037 7047 7058 7063 7075 7083 7093 7103 7113
3 15 23 57 71 74 98 112 155 163 164 170 171 181 185 189 198 253 261 266 278 282 1005 1388 2300 2302 2402 3404 3405 4405 4410 4415 4427 4429 4431 4433 4435 4437 4439 4441 4492 4495 4498 4501 4504 4518 4525 4528 4628 4728 4786 4799 4808 4834 4934 4938 4941 4946 4954 5947 6857 6867 6870 6923 7023 7033 7043 7053 7063 7073 7083 7093 7103 7113
3 15 23 57 71 74 98 112 155 163 164 170 171 181 185 189 198 253 261 266 277 281 1005 1388 2299 2302 2402 3402 3405 4405 4410 4415 4427 4429 4431 4433 4435 4437 4439 4441 4492 4495 4498 4501 4504 4518 4525 4528 4628 4728 4786 4799 4808 4834 4934 4938 4941 4946 4954 5947 6857 6867 6870 6923 7023 7033 7043 7053 7063 7073 7083 7093 7103 7113
1 15 18 60 67 73 85 112 156 162 164 169 171 181 185 189 198 253 261 266 278 291 1298 2298 2300 2302 2402 3404 3405 4405 4414 4415 4427 4429 4431 4433 4435 4437 4439 4441 4493 4497 4500 4503 4504 4521 4527 4528 4628 4728 4786 4799 4808 4834 4937 4939 4945 4947 4986 6445 6861 6868 6873 6963 7025 7036 7045 7058 7063 7073 7083 7093 7103 7115
2 16 18 60 67 74 85 112 156 162 166 169 171 181 185 189 198 253 261 266 278 291 1298 2298 2300 2302 2402 3404 3405 4405 4414 4415 4427 4429 4431 4433 4435 4437 4439 4441 4494 4497 4500 4503 4509 4519 4526 4560 4681 4781 4787 4800 4820 4837 4934 4938 4941 4947 5595 6383 6858 6868 6922 6953 7026 7036 7046 7058 7063 7073 7083 7093 7103 7113
3 15 18 58 71 73 89 112 161 163 164 170 171 181 185 189 198 253 261 266 279 289 1298 2298 2300 2302 2402 3404 3405 4405 4414 4415 4427 4429 4431 4433 4435 4437 4439 4441 4494 4497 4500 4503 4504 4524 4525 4528 4628 4728 4786 4799 4808 4834 4934 4938 4941 4953 4954 5947 6857 6869 6870 6923 7023 7036 7043 7058 7063 7073 7086 7093 7103 7113
3 16 18 58 71 73 89 112 155 163 168 170 171 181 185 189 198 253 261 266 279 286 1298 2298 2300 2302 2402 3404 3405 4405 4410 4415 4427 4429 4431 4433 4435 4437 4439 4441 4492 4495 4498 4501 4504 4518 4525 4528 4628 4728 4786 4799 4808 4834 4934 4938 4941 4946 4954 5947 6857 6867 6870 6923 7023 7033 7043 7053 7063 7073 7083 7093 7103 7113
3 15 18 57 71 75 89 112 155 163 164 170 171 181 185 189 198 253 261 266 279 284 1298 2298 2300 2302 2402 3404 3405 4405 4410 4415 4427 4429 4431 4433 4435 4437 4439 4441 4492 4495 4498 4501 4504 4518 4525 4528 4628 4728 4786 4799 4808 4834 4934 4938 4941 4946 4954 5947 6857 6867 6870 6923 7023 7033 7043 7053 7063 7073 7083 7093 7103 7113
1 15 18 61 67 74 85 124 156 162 164 169 171 181 185 189 198 218 261 266 278 292 331 1321 2301 2355 2403 3404 3405 4405 4412 4419 4427 4429 4432 4433 4435 4437 4439 4447 4494 4497 4500 4503 4504 4519 4526 4538 4681 4781 4787 4801 4816 4864 4934 4938 4941 4947 5014 6526 6858 6868 6914 6963 7027 7037 7047 7058 7063 7073 7083 7093 7103 7113
2 16 18 60 67 73 85 112 156 162 167 169 171 181 185 189 198 253 261 266 278 294 319 2298 2301 2355 2403 3404 3405 4405 4414 4415 4427 4429 4431 4433 4435 4437 4439 4441 4494 4497 4500 4503 4508 4519 4526 4568 4681 4781 4787 4800 4816 4864 4934 4938 4941 4947 5804 6260 6861 6868 6922 6963 7027 7037 7047 7058 7063 7073 7083 7093 7103 7113
3 16 18 58 71 73 88 112 155 163 168 170 171 181 185 189 198 253 261 266 279 287 331 1321 2301 2355 2403 3404 3405 4405 4410 4415 4427 4429 4431 4433 4435 4437 4439 4441 4492 4495 4498 4501 4504 4518 4525 4528 4628 4728 4786 4799 4808 4834 4934 4938 4941 4946 4954 5947 6857 6867 6870 6923 7023 7033 7043 7053 7063 7073 7083 7093 7103 7113
3 16 18 58 71 74 88 112 155 163 168 170 171 181 185 189 198 253 261 266 279 287 331 1321 2301 2355 2403 3404 3405 4405 4410 4415 4427 4429 4431 4433 4435 4437 4439 4441 4492 4495 4498 4501 4504 4518 4525 4528 4628 4728 4786 4799 4808 4834 4934 4938 4941 4946 4954 5947 6857 6867 6870 6923 7023 7033 7043 7053 7063 7073 7083 7093 7103 7113
3 16 18 57 71 74 88 112 155 163 168 170 171 181 185 189 198 253 261 266 280 282 331 1321 2299 2302 2402 3402 3405 4405 4410 4415 4427 4429 4431 4433 4435 4437 4439 4441 4492 4495 4498 4501 4504 4518 4525 4528 4628 4728 4786 4799 4808 4834 4934 4938 4941 4946 4954 5947 6857 6867 6870 6923 7023 7033 7043 7053 7063 7073 7083 7093 7103 7113
1 15 18 62 67 73 85 124 156 162 164 169 171 181 185 189 198 238 261 266 278 291 331 2298 2300 2302 2402 3404 3405 4405 4412 4423 4427 4429 4431 4433 4436 4437 4439 4443 4494 4497 4500 4503 4504 4519 4526 4560 4681 4781 4787 4800 4815 4879 4934 4938 4941 4947 5555 6633 6858 6868 6918 6963 7027 7037 7047 7058 7063 7073 7083 7093 7103 7113
2 16 18 61 67 73 85 126 156 162 168 169 171 181 185 189 198 206 261 266 278 291 331 2298 2300 2302 2402 3404 3405 4405 4414 4415 4427 4429 4431 4433 4435 4437 4439 4441 4494 4497 4500 4503 4508 4519 4526 4560 4681 4781 4787 4800 4818 4864 4934 4938 4941 4947 5555 6382 6858 6868 6915 6955 7026 7036 7046 7058 7063 7073 7083 7093 7103 7113
1 15 18 60 67 74 85 112 156 162 164 169 171 181 185 189 198 253 261 266 278 291 349 2298 2300 2302 2402 3404 3405 4405 4414 4415 4427 4429 4431 4433 4435 4437 4439 4441 4494 4497 4500 4503 4504 4519 4526 4560 4681 4781 4787 4800 4815 4846 4934 4938 4941 4947 5185 6803 6858 6868 6916 6963 7027 7037 7047 7058 7063 7073 7083 7093 7103 7115
2 16 18 60 67 74 85 154 156 162 167 169 171 181 185 189 198 258 265 272 278 292 1298 2298 2300 2302 2402 3404 3405 4405 4414 4415 4427 4429 4431 4433 4435 4437 4439 4441 4494 4497 4500 4503 4507 4519 4526 4568 4681 4781 4787 4800 4815 4854 4934 4938 4941 4947 5786 6154 6858 6868 6919 6963 7027 7037 7047 7053 7063 7073 7083 7093 7103 7113
3 15 18 57 71 74 88 112 155 163 164 170 171 181 185 189 198 253 261 266 279 282 349 2298 2300 2302 2402 3404 3405 4405 4410 4415 4427 4429 4431 4433 4435 4437 4439 4441 4492 4495 4498 4501 4504 4518 4525 4528 4628 4728 4786 4799 4808 4834 4934 4938 4941 4946 4954 5947 6857 6867 6870 6923 7023 7033 7043 7053 7063 7073 7083 7093 7103 7113
3 16 18 57 71 74 88 112 155 163 168 170 171 181 185 189 198 253 261 266 278 282 349 2298 2299 2302 2402 3402 3405 4405 4410 4415 4427 4429 4431 4433 4435 4437 4439 4441 4492 4495 4498 4501 4504 4518 4525 4528 4628 4728 4786 4799 4808 4834 4934 4938 4941 4946 4954 5947 6857 6867 6870 6923 7023 7033 7043 7053 7063 7073 7083 7093 7103 7113
1 15 18 62 67 76 85 112 156 162 164 169 171 181 185 189 198 253 261 266 278 286 349 1331 2300 2302 2402 3404 3405 4405 4414 4415 4427 4429 4431 4433 4435 4437 4439 4441 4494 4497 4500 4503 4504 4524 4527 4528 4628 4728 4786 4799 4808 4834 4937 4940 4941 4950 5226 6674 6858 6869 6870 6923 7023 7037 7043 7058 7063 7073 7086 7093 7106 7113
2 16 18 62 67 76 85 112 156 162 168 169 171 181 185 189 198 253 261 266 278 291 349 1321 2300 2302 2402 3404 3405 4405 4414 4415 4427 4429 4431 4433 4435 4437 4439 4441 4494 4497 4500 4503 4510 4524 4527 4528 4628 4728 4786 4799 4808 4834 4937 4940 4941 4953 4954 5947 6857 6869 6870 6923 7023 7033 7043 7053 7063 7073 7083 7093 7103 7113
1 16 18 62 69 75 85 123 159 162 168 169 171 181 185 189 199 242 261 266 278 295 321 1331 2301 2336 2410 3404 3405 4405 4414 4415 4427 4429 4431 4433 4435 4437 4439 4441 4494 4497 4500 4503 4506 4524 4527 4528 4628 4728 4786 4799 4808 4834 4934 4940 4941 4948 5785 6042 6860 6868 6922 6963 7027 7037 7047 7058 7063 7076 7083 7093 7103 7113
1 15 18 60 67 73 85 112 156 162 164 169 171 181 185 189 198 253 261 266 278 291 321 1349 2300 2302 2402 3404 3405 4405 4412 4419 4427 4429 4432 4433 4435 4437 4439 4445 4494 4497 4500 4503 4504 4519 4526 4568 4681 4781 4787 4800 4831 4864 4934 4938 4941 4947 5114 6726 6858 6868 6922 6963 7027 7037 7047 7058 7063 7073 7083 7093 7103 7113
2 16 18 60 67 73 85 112 156 162 166 169 171 181 185 189 198 253 261 266 278 291 321 1387 2300 2302 2402 3404 3405 4405 4414 4415 4427 4429 4431 4433 4435 4437 4439 4441 4494 4497 4500 4503 4507 4524 4527 4528 4628 4728 4786 4799 4808 4834 4937 4940 4941 4952 4954 5947 6857 6869 6870 6923 7023 7033 7043 7053 7063 7073 7083 7093 7103 7113
3 16 18 58 71 73 90 112 155 163 168 170 171 181 185 189 198 253 261 266 279 286 321 1388 2300 2302 2402 3404 3405 4405 4410 4415 4427 4429 4431 4433 4435 4437 4439 4441 4492 4495 4498 4501 4504 4518 4525 4528 4628 4728 4786 4799 4808 4834 4934 4938 4941 4946 4954 5947 6857 6867 6870 6923 7023 7033 7043 7053 7063 7073 7083 7093 7103 7113
3 16 18 57 71 73 90 112 155 163 168 170 171 181 185 189 198 253 261 266 279 285 321 1386 2300 2302 2402 3404 3405 4405 4410 4415 4427 4429 4431 4433 4435 4437 4439 4441 4492 4495 4498 4501 4504 4518 4525 4528 4628 4728 4786 4799 4808 4834 4934 4938 4941 4946 4954 5947 6857 6867 6870 6923 7023 7033 7043 7053 7063 7073 7083 7093 7103 7113
1 15 18 60 67 74 85 126 156 162 164 169 171 181 185 189 198 230 261 266 278 292 331 1349 2301 2355 2403 3404 3405 4405 4414 4415 4427 4429 4431 4433 4435 4437 4439 4441 4494 4497 4500 4503 4504 4519 4526 4549 4681 4781 4787 4800 4815 4879 4934 4938 4941 4947 5184 6443 6858 6868 6915 6958 7027 7037 7047 7058 7063 7073 7083 7093 7103 7113
2 16 18 59 67 74 85 112 156 162 165 169 171 181 185 189 198 253 261 266 278 293 381 1325 2301 2355 2403 3404 3405 4405 4414 4415 4427 4429 4431 4433 4435 4437 4439 4441 4494 4497 4500 4503 4506 4519 4526 4536 4681 4781 4787 4800 4816 4879 4934 4938 4941 4947 5805 6405 6858 6868 6906 6963 7026 7036 7046 7058 7063 7073 7083 7093 7103 7113
3 16 18 57 71 74 89 112 155 163 168 170 171 181 185 189 198 253 261 266 277 281 331 1349 2299 2302 2402 3402 3405 4405 4410 4415 4427 4429 4431 4433 4435 4437 4439 4441 4492 4495 4498 4501 4504 4518 4525 4528 4628 4728 4786 4799 4808 4834 4934 4938 4941 4946 4954 5947 6857 6867 6870 6923 7023 7033 7043 7053 7063 7073 7083 7093 7103 7113
1 15 18 61 67 74 85 112 156 162 164 169 171 181 185 189 198 253 261 266 278 292 321 1325 2301 2308 2417 3404 3405 4405 4412 4419 4428 4430 4432 4433 4435 4437 4439 4461 4494 4497 4500 4503 4504 4519 4526 4576 4681 4781 4787 4800 4816 4874 4934 4938 4941 4947 5265 6465 6858 6868 6922 6963 7027 7037 7047 7058 7063 7074 7083 7093 7107 7113
2 16 18 61 67 73 85 112 156 162 168 169 171 181 185 189 198 253 261 266 278 290 331 1388 2301 2308 2417 3404 3405 4405 4414 4415 4427 4429 4431 4433 4435 4437 4439 4441 4494 4497 4500 4503 4509 4524 4527 4528 4628 4728 4786 4799 4808 4834 4937 4940 4941 4948 5595 6391 6858 6868 6872 6929 7025 7035 7045 7057 7063 7073 7083 7093 7103 7113
3 15 18 58 71 73 85 126 161 162 164 169 171 181 185 189 198 241 261 266 279 292 325 1321 2301 2308 2417 3404 3405 4405 4414 4415 4427 4429 4431 4433 4435 4437 4439 4441 4494 4497 4500 4503 4504 4519 4526 4549 4681 4781 4787 4800 4823 4839 4934 4938 4941 4947 4965 6426 6858 6868 6890 6937 7026 7036 7046 7058 7063 7074 7083 7093 7103 7113
1 16 18 64 68 73 85 124 158 162 168 169 171 181 185 189 198 219 261 266 278 291 320 1321 2300 2302 2402 3404 3405 4405 4414 4415 4427 4429 4431 4433 4435 4437 4439 4441 4493 4496 4500 4503 4510 4524 4527 4528 4628 4728 4786 4799 4808 4834 4937 4940 4941 4952 4954 5947 6857 6869 6870 6923 7023 7036 7043 7058 7063 7075 7086 7093 7103 7113
1 15 55 62 67 72 85 112 156 162 164 169 171 181 185 189 198 253 261 266 278 289 1219 2298 2300 2302 2402 3404 3405 4405 4412 4422 4427 4429 4431 4434 4435 4437 4439 4443 4493 4496 4500 4503 4504 4524 4527 4528 4628 4728 4786 4799 4808 4834 4937 4940 4941 4950 5854 5952 6860 6869 6870 6923 7023 7037 7043 7058 7063 7073 7086 7093 7106 7113
2 16 18 61 67 73 85 112 156 162 168 169 171 181 185 189 198 253 261 266 278 291 331 1349 2300 2302 2402 3404 3405 4405 4414 4415 4427 4429 4431 4433 4435 4437 4439 4441 4494 4497 4500 4503 4508 4519 4526 4548 4681 4781 4787 4800 4823 4844 4934 4938 4941 4947 5555 6824 6858 6868 6895 6943 7026 7036 7046 7058 7063 7073 7083 7093 7103 7113
3 15 55 59 71 73 85 112 161 162 164 169 171 182 187 189 198 253 261 266 278 291 1219 2298 2300 2302 2402 3404 3405 4405 4414 4415 4427 4429 4431 4433 4435 4437 4439 4441 4494 4497 4500 4503 4504 4519 4526 4568 4681 4781 4787 4805 4815 4859 4934 4938 4941 4947 5184 6443 6858 6868 6920 6963 7027 7037 7047 7053 7063 7073 7083 7093 7103 7113
7 16 55 57 71 74 95 112 155 162 168 170 171 182 188 189 198 253 261 266 279 284 1219 2298 2301 2355 2403 3404 3405 4405 4410 4415 4427 4429 4431 4433 4435 4437 4439 4441 4492 4495 4498 4501 4504 4518 4525 4528 4628 4728 4786 4799 4808 4834 4934 4938 4941 4946 4954 5947 6857 6867 6870 6923 7023 7033 7043 7053 7063 7073 7083 7093 7103 7113
1 16 18 63 68 74 85 112 158 162 168 169 171 181 185 189 199 253 261 266 278 289 386 1331 2300 2302 2402 3404 3405 4405 4414 4415 4427 4429 4431 4433 4435 4437 4439 4441 4494 4497 4500 4503 4509 4524 4527 4528 4628 4728 4786 4799 4808 4834 4937 4940 4941 4948 4964 6426 6858 6868 6922 6938 7026 7037 7046 7058 7063 7077 7086 7093 7103 7117
7 15 18 60 71 73 85 112 161 162 164 169 171 181 185 189 199 253 261 266 278 291 331 1386 2300 2302 2402 3404 3405 4405 4414 4415 4427 4429 4431 4433 4435 4437 4439 4441 4494 4497 4500 4503 4504 4520 4527 4528 4628 4728 4786 4799 4808 4834 4936 4940 4941 4947 5185 6491 6858 6868 6916 6963 7027 7037 7047 7058 7066 7075 7083 7093 7103 7113
1 15 18 61 67 74 85 112 156 162 164 169 171 181 185 189 198 253 261 266 278 291 321 1331 2300 2302 2402 3404 3405 4405 4413 4415 4427 4429 4431 4433 4435 4437 4439 4441 4494 4497 4500 4503 4504 4519 4526 4570 4681 4781 4787 4801 4814 4879 4934 4938 4941 4947 5154 6724 6858 6868 6922 6983 7027 7037 7047 7058 7063 7073 7083 7093 7103 7113
2 16 18 61 67 73 85 125 156 162 166 169 171 181 185 189 198 213 261 266 278 291 348 1321 2300 2302 2402 3404 3405 4405 4414 4415 4427 4429 4431 4433 4435 4437 4439 4441 4494 4497 4500 4503 4511 4524 4527 4528 4628 4728 4786 4799 4808 4834 4937 4940 4941 4952 4954 5947 6857 6869 6870 6923 7023 7033 7043 7053 7063 7073 7083 7093 7103 7113
3 15 18 59 71 74 85 112 161 162 164 169 171 181 185 189 198 253 261 266 278 291 331 1321 2300 2302 2402 3404 3405 4405 4414 4415 4427 4429 4431 4433 4435 4437 4439 4441 4494 4497 4500 4503 4504 4519 4526 4568 4681 4781 4787 4800 4816 4854 4934 4938 4941 4947 5515 6206 6858 6868 6890 6963 7026 7036 7046 7058 7063 7073 7083 7093 7103 7113
3 16 18 58 71 73 90 112 161 163 168 170 171 181 185 189 198 253 261 266 279 286 331 1321 2300 2302 2402 3404 3405 4405 4414 4415 4427 4429 4431 4433 4435 4437 4439 4441 4494 4497 4500 4503 4505 4524 4527 4528 4628 4728 4786 4799 4808 4834 4937 4940 4941 4948 5676 6400 6859 6868 6873 6943 7025 7035 7045 7057 7063 7073 7083 7093 7103 7113
3 16 18 58 71 73 90 112 161 163 168 170 171 181 185 189 198 253 261 266 279 286 331 1321 2300 2302 2402 3404 3405 4405 4414 4415 4427 4429 4431 4433 4435 4437 4439 4441 4494 4497 4500 4503 4505 4524 4527 4528 4628 4728 4786 4799 4808 4834 4937 4940 4941 4948 4964 6426 6865 6868 6874 6943 7023 7033 7043 7053 7063 7073 7083 7093 7103 7113
3 16 18 57 71 74 90 112 155 163 168 170 171 181 185 189 198 253 261 266 279 285 331 1321 2300 2302 2402 3404 3405 4405 4410 4415 4427 4429 4431 4433 4435 4437 4439 4441 4492 4495 4498 4501 4504 4518 4525 4528 4628 4728 4786 4799 4808 4834 4934 4938 4941 4946 4954 5947 6857 6867 6870 6923 7023 7033 7043 7053 7063 7073 7083 7093 7103 7113
1 15 18 61 69 76 85 123 159 162 